# 2017-12-15T00:52:18.857691Z 26160 8357933117913
-15 -57 -113115 -52980 51717 107229 96530 114420
36 186 -113830 -52277 50851 107527 96440 114342
-44 -202 -114577 -51976 50118 107477 96372 114234
32 163 -114647 -52002 50088 107452 96342 114111
-6 -5 -114171 -51681 50354 107937 96346 113975
-28 -122 -114048 -51547 50389 108109 96389 113842
38 216 -113688 -51095 50486 108638 96469 113731
-42 -186 -113579 -51340 50655 108467 96568 113653
17 98 -113977 -50848 50112 108701 96678 113610
10 76 -114250 -50566 49774 108805 96795 113595
-35 -178 -114919 -50396 49159 108662 96903 113609
45 211 -114969 -50830 49314 108279 97003 113644
-28 -149 -115183 -50957 49203 108102 97094 113697
2 17 -114455 -51691 50123 107806 97175 113766
29 139 -114009 -51824 50546 107892 97246 113853
-42 -201 -113433 -51865 51028 108102 97297 113954
37 196 -113258 -51472 50988 108499 97316 114074
-16 -80 -113965 -50790 50103 108767 97303 114203
-16 -74 -113808 -50811 50241 108793 97252 114329
39 191 -114451 -50690 49665 108615 97166 114433
-43 -202 -114416 -51312 49968 108106 97052 114510
30 148 -114156 -52210 50574 107462 96925 114548
-1 6 -113875 -53022 51151 106913 96797 114549
-32 -133 -113353 -53526 51798 106729 96680 114516
42 212 -112644 -53600 52407 106971 96579 114454
-45 -180 -112312 -53232 52514 107413 96498 114371
13 87 -112742 -52752 51939 107625 96441 114282
15 87 -112525 -52677 52082 107756 96402 114183
-41 -183 -113070 -52331 51489 107798 96379 114077
42 214 -113594 -52904 51303 107093 96382 113966
-30 -131 -113589 -53560 51599 106552 96411 113856
-1 4 -113500 -53859 51811 106358 96469 113753
28 160 -113107 -53429 51967 106897 96557 113661
-46 -199 -112700 -54177 52602 106450 96669 113592
34 193 -112032 -54370 53226 106574 96802 113562
-16 -68 -111302 -54606 53909 106667 96937 113572
-18 -84 -111212 -54935 54104 106406 97059 113617
39 192 -110753 -55992 54927 105682 97164 113698
-41 -202 -110646 -56993 55433 104873 97236 113806
27 139 -110710 -57654 55675 104290 97278 113918
5 14 -110227 -58955 56638 103407 97293 114033
-31 -143 -109523 -59738 57555 103055 97282 114143
42 213 -108775 -60384 58443 102837 97251 114244
-38 -176 -107811 -60992 59482 102733 97195 114336
9 72 -107113 -61950 60440 102215 97125 114413
16 94 -106511 -62469 61139 102015 97035 114485
-43 -187 -106047 -63176 61811 101583 96925 114528
40 208 -105920 -64404 62428 100585 96803 114546
-28 -122 -105643 -65617 63174 99671 96673 114528
-6 -16 -105114 -66908 64162 98810 96551 114472
32 162 -105002 -67663 64581 98239 96453 114381
-47 -201 -103712 -68883 66168 97768 96391 114267
34 184 -102978 -69505 67021 97562 96356 114137
-18 -47 -102295 -69875 67728 97534 96364 114008
-24 -91 -102132 -70119 67946 97388 96404 113891
37 202 -101850 -69804 68039 97752 96463 113797
-47 -197 -102436 -69570 67453 97677 96538 113715
24 132 -102680 -70437 67620 96842 96622 113661
1 35 -102827 -70544 67562 96692 96720 113623
-34 -151 -102446 -71350 68228 96184 96823 113604
39 224 -102023 -72284 68974 95594 96933 113605
-36 -175 -101197 -72650 69813 95648 97050 113638
9 57 -101037 -72240 69758 96068 97155 113694
19 107 -101023 -71399 69405 96783 97247 113788
-43 -193 -101813 -70016 68157 97600 97307 113901
41 204 -102607 -68893 67028 98194 97335 114031
-25 -114 -103485 -68389 66094 98239 97320 114166
-7 -32 -104469 -67183 64795 98843 97269 114290
35 167 -104995 -67117 64346 98684 97185 114386
-45 -201 -105209 -67162 64200 98582 97091 114461
34 177 -105309 -66444 63823 99169 96983 114506
-11 -39 -105217 -65795 63624 99774 96879 114524
-28 -104 -105030 -65121 63488 100414 96778 114515
38 204 -105478 -64021 62637 101142 96675 114487
-45 -195 -106171 -63326 61762 101419 96579 114440
19 119 -107027 -62513 60718 101739 96493 114379
6 47 -107141 -62577 60666 101615 96421 114288
-37 -164 -107993 -62500 59937 101337 96367 114184
41 217 -108504 -61498 59115 101981 96343 114058
-38 -156 -108646 -61455 58992 101980 96365 113924
6 46 -108182 -61391 59350 102238 96420 113796
19 127 -108056 -61058 59307 102583 96509 113695
-46 -191 -107522 -60729 59598 103073 96616 113623
37 206 -107937 -60278 59047 103259 96734 113584
-28 -99 -108284 -60053 58663 103284 96855 113583
-11 -43 -109072 -59804 57910 103160 96964 113614
37 176 -109398 -59458 57517 103313 97065 113665
-41 -206 -109901 -59200 57004 103333 97142 113733
35 167 -110250 -58681 56515 103647 97210 113813
-7 -26 -110390 -58084 56152 104113 97263 113903
-24 -115 -110041 -57545 56207 104721 97296 114004
39 210 -110685 -56297 55132 105509 97306 114117
-41 -193 -111029 -55116 54344 106351 97288 114237
21 105 -111862 -53781 53087 107108 97231 114352
9 57 -112443 -53447 52471 107130 97145 114449
-35 -169 -113351 -52913 51505 107198 97027 114525
44 215 -113972 -51997 50627 107714 96898 114561
-32 -150 -114575 -51851 50077 107599 96768 114554
5 33 -114729 -51547 49834 107815 96648 114516
24 130 -114490 -51140 49862 108274 96548 114445
-44 -196 -114061 -50796 50064 108748 96471 114355
36 200 -114152 -50113 49681 109273 96417 114254
-22 -88 -114835 -49085 48666 109837 96386 114150
-14 -57 -115446 -48771 48027 109833 96382 114049
35 187 -115901 -48331 47473 110000 96391 113947
-45 -203 -116617 -48166 46828 109841 96430 113843
32 161 -116264 -49009 47493 109287 96491 113744
-8 -4 -116139 -49630 47867 108836 96577 113662
-29 -121 -115250 -50353 48912 108618 96684 113601
37 220 -114757 -50394 49333 108801 96814 113568
-42 -190 -114500 -49651 49216 109531 96944 113577
19 93 -114584 -49235 48958 109826 97068 113616
14 70 -114321 -49966 49469 109297 97173 113696
-38 -177 -115257 -49265 48396 109490 97249 113810
44 211 -115210 -49454 48532 109337 97294 113926
-29 -147 -115396 -50448 48801 108429 97302 114047
5 19 -115338 -50596 48932 108346 97286 114160
29 141 -114575 -51466 49934 107948 97246 114264
-41 -199 -114181 -51338 50206 108235 97186 114350
37 198 -113621 -51505 50723 108332 97111 114421
-20 -79 -113095 -51647 51193 108418 97019 114480
-17 -72 -112889 -52048 51519 108142 96918 114519
36 190 -112580 -53097 52204 107367 96802 114534
-42 -204 -112568 -53878 52543 106703 96677 114521
29 150 -112497 -54755 52982 105995 96556 114470
-1 5 -111931 -56379 54143 104877 96457 114387
-30 -134 -111566 -56821 54638 104677 96385 114282
40 215 -110947 -57316 55366 104533 96349 114149
-42 -177 -109570 -58217 56875 104346 96350 114015
13 87 -109557 -58167 56842 104394 96391 113889
13 88 -109017 -58357 57355 104438 96458 113781
-42 -182 -109138 -58748 57407 104042 96545 113703
40 213 -108979 -59035 57659 103845 96634 113650
-31 -132 -109701 -58755 56956 103772 96733 113618
-2 4 -109617 -59573 57382 103117 96838 113604
33 152 -109502 -60427 57843 102470 96943 113620
-42 -206 -109098 -59959 57998 103048 97050 113652
38 188 -109008 -60406 58249 102728 97152 113709
-19 -64 -108018 -60243 58993 103278 97239 113798
-17 -84 -108129 -60311 58905 103169 97304 113909
37 197 -107798 -60156 59107 103418 97334 114039
-44 -200 -107752 -60892 59445 102795 97322 114174
30 137 -107626 -61770 59921 102096 97271 114303
1 16 -107534 -62505 60314 101520 97181 114411
-31 -143 -107268 -63813 61093 100543 97074 114484
42 216 -106186 -65057 62520 99959 96959 114526
-38 -175 -105381 -66018 63586 99496 96846 114533
10 74 -104103 -66884 64997 99304 96736 114509
15 97 -103764 -67418 65474 98990 96631 114465
-42 -188 -103073 -68111 66325 98682 96546 114404
38 208 -102786 -68856 66860 98149 96470 114330
-29 -122 -102502 -69797 67491 97457 96409 114241
-5 -16 -102368 -70977 68105 96514 96370 114134
29 164 -101366 -72847 69730 95355 96357 114013
-44 -201 -100773 -74372 70859 94336 96377 113885
33 184 -99847 -75646 72161 93668 96440 113765
-18 -45 -98847 -76039 73152 93768 96532 113665
-26 -90 -98294 -76268 73686 93801 96645 113595
34 204 -98144 -76301 73803 93826 96774 113565
-45 -200 -97843 -76420 74090 93828 96901 113572
24 127 -98110 -76581 73931 93561 97017 113613
4 30 -98371 -76807 73822 93249 97117 113683
-33 -155 -98174 -77933 74467 92380 97191 113769
42 216 -98036 -78475 74822 91996 97241 113867
-39 -171 -97672 -79259 75461 91505 97275 113966
12 59 -97177 -79221 75860 91769 97290 114075
17 111 -96351 -79528 76658 91855 97277 114179
-43 -193 -96239 -79557 76742 91874 97239 114285
40 207 -96019 -79070 76710 92360 97174 114387
-30 -115 -96421 -78964 76321 92262 97078 114469
-8 -31 -97091 -78684 75652 92208 96963 114532
29 171 -97460 -78517 75297 92186 96834 114556
-43 -203 -98020 -78876 74986 91662 96697 114539
33 179 -98043 -78756 74937 91777 96579 114487
-13 -37 -97587 -78663 75281 92063 96477 114400
-25 -105 -98088 -77439 74350 92900 96412 114293
35 207 -97644 -77192 74598 93293 96376 114177
-44 -195 -98416 -75895 73401 94059 96370 114061
19 122 -98790 -75189 72788 94474 96392 113952
4 46 -99657 -74501 71788 94681 96434 113856
-37 -163 -100398 -73464 70753 95232 96487 113768
40 218 -101430 -72568 69547 95556 96560 113691
-37 -158 -102202 -72102 68729 95642 96649 113628
5 49 -102419 -71766 68421 95862 96761 113593
18 128 -102506 -70522 67833 96894 96880 113582
-46 -193 -102493 -69646 67473 97643 97005 113597
39 199 -102656 -69162 67116 97980 97125 113655
-25 -103 -103030 -67881 66263 98888 97222 113745
-11 -47 -103362 -67871 65975 98735 97288 113860
35 178 -103971 -67506 65322 98776 97320 113990
-44 -205 -104250 -67828 65237 98388 97314 114121
35 167 -103992 -68609 65794 97842 97273 114236
-8 -26 -103731 -69415 66357 97292 97211 114335
-25 -113 -103018 -70086 67235 97042 97132 114411
37 212 -102506 -70056 67639 97293 97042 114465
-43 -192 -102430 -69446 67433 97841 96946 114500
18 109 -102732 -68763 66881 98281 96845 114518
6 58 -102992 -67911 66297 98868 96734 114511
-37 -172 -104046 -66977 65035 99197 96622 114480
41 216 -104861 -66453 64155 99285 96518 114419
-33 -153 -105547 -66245 63510 99182 96427 114337
5 31 -106149 -65386 62672 99671 96365 114228
23 132 -106270 -65337 62561 99684 96336 114097
-43 -194 -106477 -64563 62066 100273 96350 113965
35 203 -106497 -63263 61505 101370 96399 113839
-24 -88 -106581 -62343 61037 102092 96476 113727
-17 -54 -107493 -61164 59772 102694 96571 113653
31 187 -108440 -59836 58433 103402 96678 113612
-44 -204 -109143 -58760 57412 103996 96788 113596
27 165 -110031 -58493 56575 103851 96890 113604
-2 -13 -110679 -58237 55947 103808 96992 113633
-26 -128 -110626 -58386 56064 103730 97085 113686
42 211 -110433 -58184 56151 103998 97172 113752
-42 -190 -109750 -58176 56710 104298 97243 113835
19 95 -109825 -57991 56551 104431 97295 113940
11 73 -110237 -56333 55509 105652 97325 114060
-38 -177 -110077 -56339 55632 105683 97313 114186
43 213 -111078 -55652 54510 105829 97261 114310
-32 -146 -111504 -55589 54143 105700 97176 114418
4 17 -112156 -55234 53469 105726 97064 114494
27 143 -112426 -55072 53192 105767 96940 114540
-42 -200 -112694 -55026 52958 105713 96818 114544
37 202 -112582 -54431 52812 106284 96706 114516
-20 -78 -112161 -54129 53024 106720 96603 114460
-17 -69 -111822 -54106 53273 106872 96519 114387
32 194 -111757 -54512 53478 106551 96455 114307
-43 -203 -111439 -54523 53744 106649 96408 114214
29 153 -111799 -55082 53682 106012 96381 114111
-3 6 -111556 -56098 54324 105249 96378 114002
-28 -133 -111193 -56901 54970 104729 96397 113888
41 215 -110936 -57878 55599 104025 96449 113775
-40 -177 -109741 -59294 57191 103341 96535 113675
12 91 -108821 -60134 58297 103032 96641 113604
12 88 -107729 -60760 59446 102951 96769 113562
-45 -179 -107670 -61137 59626 102656 96900 113564
42 206 -107688 -60692 59419 103006 97027 113604
-28 -139 -107738 -60809 59425 102865 97129 113674
-1 -2 -108139 -61342 59320 102239 97208 113770
30 152 -108099 -61793 59557 101878 97259 113877
-41 -205 -108189 -62004 59583 101677 97283 113986
37 190 -108032 -62132 59777 101652 97285 114093
-17 -63 -107983 -61789 59679 101981 97267 114196
-18 -83 -107904 -60895 59363 102775 97227 114293
36 199 -108250 -59719 58569 103617 97166 114381
-46 -201 -108235 -59545 58495 103748 97083 114456
27 139 -108616 -59152 58008 103899 96974 114516
0 16 -109179 -59251 57586 103568 96854 114549
-29 -145 -109471 -59466 57449 103263 96726 114543
42 216 -109299 -60268 57940 102668 96599 114500
-38 -177 -108912 -60935 58549 102279 96490 114418
12 77 -108604 -61525 59056 101939 96415 114315
13 100 -107585 -61664 59958 102255 96373 114189
-41 -186 -106756 -62593 61011 101814 96366 114063
36 215 -106666 -62450 61008 101963 96389 113948
-30 -124 -106320 -62651 61369 101911 96435 113842
-6 -11 -106633 -63020 61256 101450 96497 113755
28 162 -106788 -63567 61366 100916 96574 113687
-44 -204 -106896 -64342 61616 100229 96663 113636
33 188 -106411 -64835 62245 100027 96765 113601
-13 -51 -106354 -65171 62435 99787 96878 113590
-18 -97 -105980 -64923 62639 100172 96997 113608
38 198 -105868 -64503 62549 100578 97118 113655
-45 -201 -104987 -65024 63480 100499 97220 113741
22 127 -105303 -64287 62891 100977 97291 113855
5 29 -105461 -64236 62735 100931 97328 113982
-32 -155 -106323 -63478 61708 101193 97324 114114
43 216 -107172 -63471 61017 100846 97286 114242
-37 -173 -107270 -63771 61079 100568 97218 114349
12 60 -107208 -63644 61093 100720 97128 114429
17 113 -107016 -63274 61100 101130 97026 114481
-43 -191 -107013 -62822 60910 101523 96925 114507
37 212 -106759 -62175 60835 102170 96822 114511
-28 -114 -106895 -61667 60490 102524 96715 114494
-8 -32 -107714 -60756 59419 102931 96610 114458
30 172 -108416 -60389 58689 102932 96514 114398
-43 -205 -108737 -60568 58512 102643 96433 114313
34 182 -109328 -60021 57811 102866 96373 114204
-12 -38 -109479 -60111 57739 102740 96343 114077
-21 -100 -109677 -59700 57412 103031 96357 113943
37 209 -109351 -59351 57534 103474 96411 113811
-43 -195 -109239 -58680 57337 104089 96497 113704
18 128 -109321 -57926 56934 104680 96602 113628
5 44 -109883 -57305 56193 104957 96721 113591
-37 -161 -110381 -56520 55454 105388 96841 113585
42 214 -111038 -56487 54899 105136 96950 113612
-31 -166 -111564 -56274 54388 105101 97049 113662
11 44 -111832 -56163 54139 105094 97135 113725
23 120 -111790 -56541 54341 104815 97208 113808
-42 -195 -111358 -56403 54650 105131 97267 113903
39 202 -110652 -56436 55238 105404 97301 114007
-24 -102 -110374 -56268 55380 105652 97310 114121
-11 -43 -110239 -56144 55420 105791 97284 114243
36 178 -110540 -56248 55204 105558 97221 114359
-44 -207 -111003 -56117 54770 105466 97126 114459
33 167 -111088 -56566 54907 105047 97009 114524
-7 -26 -111129 -57428 55244 104313 96879 114557
-24 -114 -110671 -58039 55892 104007 96748 114547
39 215 -110321 -58654 56444 103655 96630 114498
-43 -190 -109325 -58793 57332 103957 96534 114417
18 111 -108937 -59437 57899 103577 96462 114323
5 60 -108481 -58934 58054 104174 96415 114222
-37 -172 -108623 -59465 58137 103650 96392 114115
39 218 -108779 -59263 57922 103735 96389 114011
-33 -154 -109517 -59328 57348 103368 96409 113906
5 34 -109655 -59141 57175 103469 96451 113802
23 132 -109713 -59938 57470 102782 96522 113707
-43 -194 -109457 -60281 57834 102624 96613 113633
36 208 -109070 -60435 58227 102679 96735 113581
-22 -89 -108152 -60324 58933 103161 96865 113563
-18 -48 -108329 -59521 58431 103750 96993 113580
35 181 -108764 -58927 57806 104055 97114 113641
-41 -209 -108876 -58573 57560 104277 97209 113730
31 157 -109911 -58287 56581 104084 97275 113850
-2 -15 -110106 -57849 56257 104364 97304 113970
-25 -126 -110692 -58449 56030 103630 97302 114091
42 211 -110432 -58272 56191 103909 97275 114204
-39 -190 -110290 -58177 56268 104069 97219 114301
18 98 -110480 -57476 55817 104594 97158 114381
12 72 -109826 -57238 56249 105066 97073 114445
-40 -174 -110500 -56323 55284 105549 96979 114497
40 214 -110120 -56148 55521 105823 96872 114525
-33 -146 -110841 -56468 55046 105241 96750 114530
2 17 -111084 -56393 54833 105196 96630 114502
27 140 -111051 -57242 55230 104495 96516 114437
-43 -199 -111075 -57666 55399 104146 96425 114345
38 201 -110842 -57990 55740 103990 96369 114226
-20 -80 -110140 -58197 56411 104124 96347 114093
-17 -66 -109351 -58734 57279 104003 96367 113960
32 197 -109031 -58784 57542 104088 96418 113844
-46 -204 -108495 -59067 58092 104048 96492 113744
28 156 -108619 -59341 58089 103745 96576 113675
-4 4 -108769 -59803 58163 103273 96673 113630
-29 -134 -109129 -60036 57978 102924 96773 113606
38 217 -108871 -61372 58758 101920 96877 113606
-38 -178 -108121 -62298 59779 101474 96982 113626
17 86 -107401 -63214 60762 101026 97086 113666
15 82 -106187 -63952 62072 100916 97185 113731
-39 -183 -105650 -64380 62670 100776 97261 113825
39 210 -105310 -64253 62884 101013 97318 113941
-30 -140 -105533 -64001 62581 101110 97336 114068
-2 2 -105818 -64032 62357 100946 97314 114201
30 150 -106269 -64309 62109 100517 97255 114324
-42 -206 -105883 -65296 62855 99848 97163 114422
36 191 -106014 -65372 62794 99742 97054 114486
-16 -66 -106084 -65629 62852 99515 96941 114520
-19 -82 -105064 -66453 64037 99263 96833 114525
36 202 -104839 -65695 63897 100003 96725 114502
-46 -201 -105035 -65455 63617 100118 96631 114458
23 138 -104744 -65044 63677 100566 96545 114399
-1 17 -105589 -64091 62566 100993 96464 114323
-33 -144 -106293 -64161 62015 100632 96408 114235
42 216 -106870 -63585 61314 100874 96368 114129
-38 -176 -107041 -64119 61413 100362 96359 114011
11 80 -107058 -64041 61381 100438 96380 113884
14 98 -106712 -64149 61716 100508 96438 113764
-42 -184 -106807 -63604 61404 100946 96531 113667
35 218 -106114 -63215 61803 101559 96640 113600
-31 -123 -106143 -63124 61719 101607 96766 113563
-9 -7 -106348 -63056 61510 101563 96893 113572
28 160 -106712 -62950 61166 101486 97009 113611
-39 -209 -107064 -62895 60861 101378 97106 113677
35 184 -107387 -63150 60717 101035 97180 113758
-12 -54 -107315 -63590 60975 100712 97235 113852
-18 -92 -107450 -63416 60802 100823 97276 113949
38 200 -106786 -63306 61305 101207 97293 114050
-43 -200 -106759 -62715 61070 101719 97291 114156
22 132 -106418 -62624 61295 101933 97259 114266
6 27 -107029 -61681 60376 102459 97198 114370
-34 -153 -107218 -61629 60194 102403 97111 114461
41 216 -107446 -61939 60139 102030 96999 114528
-35 -175 -107376 -62722 60537 101402 96873 114563
9 61 -107607 -62727 60361 101305 96737 114552
20 109 -107402 -63623 60914 100656 96613 114504
-42 -191 -107073 -63509 61147 100910 96513 114426
38 212 -106546 -63890 61732 100819 96439 114326
-30 -114 -106039 -63685 62057 101207 96398 114219
-10 -27 -105937 -63285 61957 101566 96379 114103
29 172 -106175 -63463 61820 101300 96390 113997
-46 -204 -106378 -63224 61554 101393 96418 113892
33 181 -106632 -63741 61569 100844 96465 113799
-12 -40 -107011 -63596 61207 100810 96528 113716
-25 -100 -107300 -64173 61223 100223 96615 113647
36 210 -106643 -64307 61838 100406 96720 113599
-45 -192 -106731 -64145 61695 100524 96843 113573
21 123 -105841 -64093 62408 100942 96974 113583
6 40 -106003 -63384 61957 101460 97095 113628
-33 -165 -106267 -62785 61473 101838 97198 113712
38 215 -107131 -61942 60397 102171 97273 113826
-33 -169 -107548 -61751 59980 102146 97314 113951
8 47 -108300 -61141 59122 102344 97316 114076
24 119 -108434 -61651 59236 101869 97287 114195
-40 -195 -108317 -62091 59525 101571 97233 114300
39 205 -108146 -61722 59520 101976 97160 114384
-22 -103 -107713 -61728 59876 102164 97078 114448
-14 -40 -107593 -61074 59688 102765 96985 114493
34 177 -107686 -60467 59343 103224 96884 114518
-46 -205 -108081 -59824 58737 103580 96771 114522
30 167 -108503 -59750 58354 103443 96653 114498
-6 -30 -109253 -59802 57764 103081 96541 114444
-25 -112 -109294 -60218 57921 102718 96448 114362
40 211 -109220 -60331 58042 102670 96378 114252
-42 -191 -109077 -60489 58233 102609 96342 114117
18 113 -108613 -61037 58843 102363 96351 113984
6 59 -107817 -60822 59405 102878 96397 113854
-41 -168 -107802 -60719 59348 102966 96470 113749
38 220 -107718 -60568 59346 103105 96568 113670
-38 -153 -107726 -60888 59469 102809 96672 113622
3 34 -107613 -61648 59880 102197 96777 113600
21 130 -108074 -62090 59692 101636 96881 113608
-39 -201 -107927 -62579 60039 101295 96986 113633
39 201 -107585 -63085 60545 101034 97085 113679
-20 -93 -107225 -63252 60920 101063 97175 113741
-14 -52 -106506 -63482 61605 101179 97254 113831
33 182 -105980 -63512 62027 101368 97305 113941
-43 -208 -106077 -62991 61715 101753 97328 114066
29 162 -106254 -63035 61578 101621 97314 114196
-3 -17 -106160 -63528 61863 101225 97258 114323
-26 -124 -106600 -64020 61712 100625 97166 114429
41 211 -106346 -64822 62278 100059 97056 114501
-38 -189 -105815 -66067 63245 99245 96931 114538
16 100 -105221 -66494 63918 99151 96809 114540
12 73 -104512 -67166 64775 98897 96695 114508
-41 -172 -103858 -67173 65308 99163 96597 114451
39 214 -103429 -67646 65842 98931 96517 114378
-35 -148 -103547 -67616 65716 98892 96451 114299
-2 17 -103536 -67814 65807 98713 96404 114208
28 138 -104155 -67835 65307 98425 96377 114103
-46 -197 -104035 -68277 65613 98101 96377 113989
38 199 -104090 -68689 65753 97739 96400 113865
-20 -80 -104024 -69332 66086 97251 96463 113752
-20 -66 -102872 -69790 67237 97359 96556 113658
32 196 -102855 -69290 67025 97793 96667 113590
-48 -201 -102775 -68943 66937 98114 96803 113558
24 156 -103196 -68161 66248 98589 96934 113572
-8 3 -103398 -67496 65802 99037 97056 113619
-26 -141 -103946 -67405 65307 98869 97150 113697
41 211 -104351 -67739 65120 98417 97221 113795
-38 -187 -104587 -67859 64995 98226 97266 113899
17 89 -104338 -68434 65455 97866 97288 114007
14 83 -103581 -69239 66423 97524 97288 114111
-38 -181 -103109 -69303 66833 97685 97266 114216
37 213 -102544 -69116 67208 98075 97223 114315
-29 -139 -102538 -68740 67036 98381 97154 114404
-5 5 -102897 -68502 66627 98414 97061 114481
28 149 -103218 -68482 66352 98281 96950 114538
-43 -203 -103695 -68443 65951 98109 96823 114560
34 191 -103924 -68583 65836 97899 96691 114542
-15 -68 -104125 -68761 65756 97677 96568 114486
-20 -79 -104154 -68636 65690 97793 96471 114397
36 200 -103506 -68810 66299 97931 96402 114286
-46 -200 -103738 -67954 65736 98565 96369 114165
24 141 -103534 -67399 65659 99105 96370 114043
0 17 -103852 -66627 65057 99603 96396 113930
-35 -144 -104280 -66582 64679 99438 96443 113828
42 214 -104742 -66662 64338 99168 96510 113747
-41 -176 -105635 -65603 63176 99684 96588 113680
12 77 -105725 -66194 63364 99160 96679 113631
15 97 -106378 -65395 62502 99588 96785 113600
-45 -182 -106081 -65064 62626 100009 96904 113592
40 213 -105782 -64473 62621 100636 97025 113611
-29 -128 -105925 -63895 62241 101065 97137 113666
-6 -15 -106179 -62873 61588 101809 97232 113756
29 157 -106555 -62656 61172 101818 97298 113873
-43 -210 -107266 -61815 60236 102216 97329 114008
35 185 -108157 -61003 59171 102519 97316 114140
-11 -56 -108918 -60339 58282 102761 97270 114257
-18 -90 -109541 -60117 57686 102706 97197 114357
39 201 -109891 -59260 57052 103306 97108 114434
-41 -197 -109972 -58625 56724 103832 97013 114482
22 135 -109629 -58000 56739 104507 96913 114509
3 28 -109962 -56985 56016 105219 96807 114514
-35 -147 -110319 -56698 55582 105299 96704 114498
40 214 -110784 -55605 54741 106005 96600 114460
-36 -173 -111596 -55570 54054 105685 96503 114394
8 66 -111841 -55401 53799 105723 96422 114309
23 107 -112006 -56164 53991 105017 96365 114196
-41 -187 -111602 -56636 54538 104809 96342 114070
39 213 -110870 -57338 55444 104534 96360 113932
-26 -112 -110202 -57592 56095 104607 96414 113805
-10 -25 -110034 -57398 56136 104840 96499 113699
31 170 -109869 -57330 56229 104956 96606 113631
-47 -201 -109500 -57510 56602 104932 96723 113593
33 179 -110169 -57287 55949 104824 96838 113589
-13 -38 -110201 -58053 56251 104157 96946 113614
-19 -107 -110988 -57402 55341 104389 97045 113662
43 205 -110619 -58048 55937 104009 97133 113724
-41 -198 -110587 -58221 56043 103896 97203 113799
23 126 -110126 -58235 56433 104094 97264 113892
8 39 -109809 -57752 56485 104640 97301 113998
-36 -162 -109714 -57205 56319 105126 97312 114109
40 217 -110215 -56647 55650 105380 97290 114236
-34 -169 -110774 -55635 54763 105981 97232 114356
8 50 -111373 -55542 54231 105797 97138 114452
22 119 -111932 -55298 53683 105767 97023 114522
-40 -194 -112108 -55686 53711 105376 96891 114554
39 207 -112259 -55603 53564 105404 96762 114548
-22 -100 -111849 -55571 53897 105617 96644 114502
-13 -36 -111791 -55200 53779 105968 96545 114429
34 177 -111397 -55006 54013 106294 96471 114340
-47 -202 -111336 -54855 53977 106434 96418 114245
30 169 -111391 -54448 53752 106732 96390 114142
-6 -29 -111748 -54788 53593 106276 96381 114036
-27 -109 -112373 -54698 53046 106093 96395 113935
43 210 -112708 -54566 52737 106063 96436 113828
-41 -187 -112415 -55374 53329 105518 96497 113730
18 114 -112401 -55384 53353 105541 96585 113648
9 62 -111767 -55533 53942 105693 96699 113589
-40 -164 -111143 -56028 54655 105539 96831 113560
39 219 -110304 -56323 55458 105631 96963 113573
-33 -159 -110497 -56019 55152 105786 97086 113624
6 29 -110294 -56689 55592 105288 97187 113711
25 125 -110204 -57144 55862 104923 97254 113819
-43 -200 -110194 -58460 56432 103813 97295 113938
41 201 -109184 -60421 58101 102587 97303 114057
-20 -93 -108418 -61419 59164 102079 97282 114167
-13 -50 -107158 -63454 61057 100909 97241 114264
34 183 -106052 -64266 62306 100698 97181 114350
-45 -206 -105576 -64748 62886 100493 97108 114422
25 164 -104684 -64962 63699 100669 97015 114483
-6 -18 -104656 -65347 63864 100327 96905 114518
-27 -123 -104907 -66246 64027 99453 96792 114534
39 209 -104889 -66450 64136 99282 96664 114517
-40 -191 -105189 -66935 64106 98754 96547 114462
18 101 -104639 -67916 64986 98174 96451 114374
11 71 -104171 -68389 65573 97986 96379 114258
-41 -169 -103783 -68881 66101 97751 96351 114127
40 216 -102828 -69174 67006 97911 96361 113998
-36 -144 -102958 -68317 66520 98570 96400 113874
-2 20 -103164 -67855 66139 98854 96465 113774
26 139 -103721 -67455 65506 98937 96546 113697
-45 -198 -104214 -67362 65066 98795 96637 113647
39 196 -104526 -67518 64889 98531 96738 113615
-21 -77 -104721 -67510 64738 98464 96840 113604
-15 -69 -104789 -67917 64866 98114 96948 113613
38 192 -104190 -68149 65463 98189 97057 113646
-45 -205 -103429 -68407 66196 98299 97159 113705
29 152 -103093 -68330 66417 98506 97240 113795
-5 -2 -103155 -67937 66188 98796 97305 113907
-31 -140 -103326 -67644 65916 98951 97332 114038
41 211 -103732 -67637 65575 98770 97318 114174
-39 -187 -104052 -67786 65386 98505 97265 114302
17 87 -104349 -68010 65247 98196 97177 114402
15 82 -104676 -67963 64973 98117 97075 114474
-41 -180 -104282 -68125 65380 98164 96963 114514
40 213 -104031 -68035 65546 98363 96853 114524
-32 -136 -103454 -67953 65978 98674 96745 114504
-5 8 -103171 -68020 66217 98728 96643 114465
26 148 -103046 -67739 66192 98995 96553 114408
-45 -202 -103694 -67511 65547 98896 96469 114336
34 190 -104165 -67617 65208 98600 96409 114247
-16 -70 -104439 -67749 65054 98372 96363 114139
-20 -76 -104597 -68021 65057 98087 96352 114016
37 200 -104402 -68478 65417 97804 96375 113889
-45 -197 -104380 -68217 65331 98058 96435 113770
24 143 -104277 -66900 64864 99224 96526 113670
-2 18 -104564 -66389 64396 99531 96640 113599
-36 -139 -104666 -65286 63838 100406 96766 113572
40 214 -105480 -64115 62665 101030 96889 113576
-43 -171 -106218 -63862 61953 100924 97004 113613
13 74 -107236 -62943 60738 101268 97100 113679
20 90 -107715 -62746 60280 101245 97179 113762
-40 -187 -108301 -62233 59589 101455 97232 113857
43 211 -108292 -61757 59417 101882 97276 113954
-28 -128 -107944 -61497 59594 102261 97294 114057
-5 -12 -107867 -60859 59380 102835 97289 114169
29 159 -108016 -59938 58856 103539 97256 114280
-44 -208 -108490 -59132 58118 103998 97193 114383
36 185 -109192 -58528 57274 104198 97095 114473
-14 -55 -109933 -57849 56390 104450 96977 114535
-19 -91 -110728 -57630 55650 104308 96846 114560
38 201 -110872 -57916 55668 104020 96716 114547
-44 -198 -110572 -58063 55987 104037 96594 114494
24 136 -110387 -58155 56177 104055 96496 114409
2 29 -110266 -57518 56008 104655 96431 114309
-36 -146 -109716 -57321 56363 105038 96391 114194
40 213 -110232 -56888 55733 105182 96379 114086
-38 -172 -110293 -56390 55476 105552 96392 113979
9 65 -110962 -56321 54891 105315 96422 113875
22 106 -111430 -56338 54529 105104 96475 113782
-40 -186 -111796 -56163 54168 105110 96542 113702
39 211 -112244 -55724 53625 105310 96631 113636
-28 -109 -112199 -55791 53697 105298 96746 113593
-10 -23 -111511 -55488 54145 105850 96872 113575
30 173 -111170 -55216 54296 106220 96998 113589
-43 -206 -111037 -55400 54462 106112 97119 113646
35 174 -110713 -55507 54763 106132 97216 113739
-9 -47 -111077 -55705 54536 105796 97281 113856
-22 -105 -111262 -56232 54613 105267 97315 113984
44 202 -111306 -56508 54710 105022 97310 114113
-41 -195 -111312 -57053 54949 104570 97274 114225
25 125 -110784 -58177 55866 103865 97216 114324
7 42 -110041 -58077 56448 104273 97144 114404
-37 -161 -109712 -58128 56726 104373 97055 114458
40 216 -109517 -57654 56674 104847 96960 114499
-38 -165 -109759 -57026 56195 105256 96856 114518
7 50 -109814 -57297 56253 104980 96743 114515
21 117 -110299 -57460 55920 104631 96627 114488
-41 -194 -110809 -57412 55493 104458 96520 114429
40 205 -110253 -58480 56420 103793 96430 114337
-25 -101 -110193 -58734 56584 103615 96366 114219
-10 -37 -110043 -59349 56967 103182 96343 114088
32 181 -109505 -59027 57277 103696 96361 113958
-46 -200 -109186 -58326 57235 104414 96411 113830
29 171 -109434 -57963 56858 104605 96491 113727
-11 -27 -109489 -57811 56736 104688 96587 113659
-26 -109 -109552 -58067 56785 104426 96687 113619
40 209 -109965 -58464 56619 103911 96795 113603
-43 -188 -110062 -59104 56820 103340 96898 113611
20 113 -109517 -59934 57637 102879 97000 113638
13 52 -109128 -60753 58305 102371 97097 113686
-37 -168 -108021 -61317 59463 102370 97189 113752
41 215 -107239 -62498 60586 101709 97264 113841
-36 -155 -106362 -62816 61430 101806 97318 113956
3 30 -106215 -62478 61396 102126 97334 114079
24 127 -106206 -63031 61619 101638 97312 114206
-43 -201 -106313 -64022 61946 100749 97254 114333
43 198 -106104 -64336 62266 100564 97158 114434
-22 -90 -106286 -65684 62689 99366 97048 114500
-12 -52 -105535 -66285 63581 99193 96928 114539
35 183 -104991 -66680 64195 99099 96812 114535
-47 -202 -104639 -67012 64615 98983 96702 114506
29 163 -103713 -67073 65397 99310 96607 114451
-9 -16 -103639 -67009 65409 99376 96524 114378
-30 -123 -103819 -67146 65304 99170 96457 114301
37 211 -104203 -66690 64798 99373 96407 114208
-42 -190 -104554 -67501 64850 98536 96376 114105
18 103 -104991 -67245 64403 98580 96373 113995
10 72 -104491 -68035 65162 98132 96397 113870
-39 -169 -104246 -68499 65564 97862 96456 113755
39 217 -103832 -68536 65919 98021 96546 113662
-36 -142 -103176 -68409 66403 98402 96662 113594
-1 22 -103142 -68099 66276 98670 96788 113561
21 143 -103499 -67585 65753 98940 96919 113573
-42 -199 -103684 -67231 65447 99137 97034 113617
39 191 -104448 -67177 64799 98853 97135 113689
-16 -87 -104413 -67329 64909 98738 97205 113782
-17 -67 -104745 -67899 64883 98135 97253 113881
38 190 -104651 -67927 64985 98173 97282 113987
-43 -203 -104621 -67297 64756 98737 97290 114090
30 154 -104250 -67080 64966 99086 97278 114193
-4 0 -104443 -65760 64235 100113 97236 114297
-29 -137 -105346 -64539 62963 100754 97171 114389
41 211 -105761 -63700 62261 101272 97080 114474
-42 -185 -107021 -62480 60710 101761 96967 114533
17 86 -108029 -61623 59533 102057 96842 114563
15 82 -108727 -60702 58590 102546 96706 114549
-41 -180 -109693 -60191 57592 102595 96584 114495
42 215 -109455 -59733 57613 103104 96484 114410
-34 -136 -109571 -58737 57100 103904 96414 114299
-2 8 -109552 -58119 56841 104437 96375 114177
25 151 -110156 -56968 55838 105155 96369 114063
-45 -201 -110420 -55926 55173 105899 96391 113949
35 192 -111625 -55273 53894 105935 96433 113850
-18 -69 -111818 -54849 53577 106199 96494 113763
-17 -76 -112499 -54972 53074 105816 96567 113692
37 202 -112463 -55124 53189 105709 96658 113633
-44 -197 -112486 -55533 53351 105379 96769 113595
24 147 -111884 -55628 53896 105570 96888 113584
3 12 -111589 -55190 53949 106071 97013 113605
-33 -143 -111272 -54818 54039 106507 97129 113660
42 211 -111655 -54328 53500 106746 97227 113750
-37 -178 -111870 -53960 53160 106950 97294 113872
14 73 -112380 -53796 52673 106860 97326 114002
20 91 -112431 -54090 52764 106584 97315 114134
-38 -185 -113273 -53874 51990 106424 97270 114254
45 211 -112944 -54314 52462 106211 97201 114357
-27 -124 -112839 -54209 52510 106361 97112 114429
-5 -10 -112444 -54401 52912 106381 97019 114482
30 159 -111946 -54194 53228 106765 96921 114510
-47 -204 -111720 -53884 53266 107107 96816 114517
35 185 -112403 -53073 52348 107487 96709 114504
-15 -56 -112799 -52735 51878 107586 96600 114467
-19 -92 -113483 -52640 51277 107374 96499 114403
39 200 -113990 -52223 50705 107514 96417 114313
-43 -197 -113701 -53319 51415 106723 96360 114197
27 135 -113472 -53802 51811 106431 96339 114069
1 32 -112889 -54032 52394 106502 96360 113935
-34 -147 -112795 -53455 52228 107035 96419 113806
40 215 -112303 -53326 52565 107343 96509 113704
-41 -171 -112486 -52719 52143 107758 96612 113633
9 67 -112528 -52819 52141 107635 96727 113598
16 106 -113283 -52722 51475 107389 96841 113596
-41 -186 -113093 -52989 51761 107233 96949 113620
38 214 -113437 -53400 51656 106747 97042 113661
-22 -119 -113405 -54155 52012 106147 97132 113721
-6 -26 -112813 -54333 52580 106269 97205 113804
32 169 -112442 -54487 52952 106306 97271 113897
-44 -203 -111131 -54957 54224 106454 97310 114004
35 175 -111018 -55083 54343 106380 97315 114123
-11 -43 -110771 -55272 54616 106297 97288 114249
-22 -105 -111038 -55960 54673 105590 97222 114365
44 201 -110863 -56697 55135 105037 97127 114467
-43 -193 -110612 -57453 55672 104498 97004 114527
25 123 -110077 -58980 56767 103443 96875 114553
7 44 -109474 -60319 57836 102584 96751 114540
-37 -159 -108296 -61544 59321 102064 96641 114497
41 217 -106995 -62330 60720 101950 96546 114422
-40 -164 -106498 -62555 61202 101957 96471 114333
6 49 -106259 -63217 61656 101484 96424 114241
18 119 -105816 -63611 62181 101313 96395 114142
-43 -199 -105983 -64381 62360 100579 96382 114036
41 205 -105806 -65263 62887 99903 96395 113928
-26 -102 -105889 -65886 63095 99351 96435 113820
-8 -39 -105266 -66853 64023 98809 96499 113720
31 181 -105362 -66855 63949 98795 96595 113641
-47 -199 -104648 -66805 64524 99143 96717 113583
29 173 -104034 -66676 64959 99507 96843 113561
-14 -26 -104204 -66227 64613 99797 96975 113577
-28 -110 -104304 -66267 64528 99705 97094 113636
41 203 -104818 -65699 63869 99951 97189 113727
-40 -196 -105200 -65853 63627 99649 97254 113831
20 109 -105360 -66240 63668 99264 97289 113950
11 53 -105507 -66831 63806 98721 97295 114063
-35 -167 -104425 -67784 65114 98391 97280 114172
40 216 -103662 -68445 66013 98162 97237 114266
-36 -154 -103183 -69006 66635 97900 97183 114351
4 33 -102299 -69286 67469 98028 97111 114428
21 128 -101823 -69687 68011 97863 97014 114488
-45 -199 -102153 -69875 67804 97547 96904 114528
39 199 -102448 -70111 67662 97212 96784 114542
-21 -91 -102408 -70890 68035 96568 96656 114521
-12 -53 -102453 -71253 68165 96254 96538 114463
37 185 -102032 -72263 68947 95595 96444 114368
-46 -203 -101447 -72872 69691 95346 96382 114256
30 165 -100865 -72833 70150 95635 96354 114128
-10 -13 -100707 -72356 70068 96103 96363 114000
-29 -121 -100768 -71865 69795 96476 96402 113881
37 212 -100958 -71286 69389 96860 96465 113780
-44 -191 -101634 -71116 68750 96704 96540 113706
18 101 -102679 -70304 67558 96944 96626 113653
8 73 -102809 -70349 67492 96853 96724 113614
-38 -173 -102969 -70938 67616 96307 96827 113599
38 222 -102943 -70748 67570 96507 96936 113609
-33 -149 -102481 -70481 67847 96934 97053 113636
1 18 -102351 -70107 67785 97317 97157 113697
23 138 -102650 -68961 67042 98154 97244 113787
-45 -200 -103010 -68292 66457 98554 97311 113903
37 193 -103388 -67392 65762 99133 97335 114035
-20 -84 -104405 -66935 64732 99078 97324 114170
-15 -67 -104275 -67296 65006 98818 97270 114291
38 189 -105308 -66976 64027 98673 97184 114393
-41 -202 -105279 -66439 63849 99153 97086 114466
29 155 -105534 -66332 63595 99158 96978 114504
-3 0 -104850 -66479 64219 99335 96873 114520
-32 -134 -105078 -65368 63553 100184 96768 114513
40 213 -105344 -64125 62797 101104 96665 114480
-43 -185 -106190 -62752 61514 101887 96571 114427
16 88 -107286 -61889 60238 102138 96483 114358
14 82 -108412 -60971 58937 102440 96416 114274
-40 -182 -109089 -60237 58089 102780 96365 114163
41 213 -109997 -59760 57153 102828 96349 114046
-31 -133 -110069 -58866 56740 103571 96370 113916
-1 9 -110085 -58251 56469 104095 96424 113785
25 154 -109997 -57947 56406 104396 96516 113681
-46 -200 -110245 -56669 55648 105369 96625 113615
35 194 -110621 -55757 54941 105960 96748 113579
-21 -69 -111432 -55131 54000 106132 96872 113581
-19 -75 -111797 -54584 53483 106430 96986 113617
40 194 -112229 -54676 53169 106164 97077 113669
-41 -205 -112732 -54747 52797 105905 97155 113743
29 142 -112488 -55248 53222 105605 97220 113831
-1 14 -112127 -55305 53553 105727 97266 113926
-30 -143 -111621 -55495 54044 105793 97291 114028
39 215 -111053 -55307 54427 106183 97296 114137
-38 -177 -110471 -55837 55107 105960 97266 114249
13 74 -110611 -56149 55108 105625 97209 114362
17 91 -110783 -56164 54970 105521 97116 114458
-40 -184 -111205 -56220 54655 105292 97002 114526
41 210 -111312 -56705 54784 104843 96873 114560
-28 -124 -111436 -56925 54788 104621 96740 114551
-5 -8 -111152 -57368 55221 104385 96621 114502
30 162 -110419 -57694 55965 104429 96520 114423
-46 -203 -109998 -57652 56284 104645 96448 114324
34 187 -110444 -56441 55391 105482 96402 114219
-16 -54 -110512 -55865 55077 105920 96383 114109
-20 -91 -111313 -54996 54043 106298 96387 114001
39 203 -111382 -55640 54262 105711 96411 113895
-43 -199 -111859 -55685 53894 105472 96455 113801
27 134 -111959 -56172 54033 105029 96526 113714
1 33 -111202 -57164 55089 104522 96613 113641
-33 -147 -111165 -56925 55023 104755 96722 113587
39 218 -110565 -57640 55813 104421 96852 113569
-39 -172 -109629 -57448 56497 104968 96980 113585
12 61 -109758 -57481 56382 104874 97103 113633
19 101 -109891 -57010 56070 105194 97207 113721
-40 -194 -109270 -58389 57158 104266 97276 113834
40 208 -109213 -59575 57706 103283 97309 113962
-25 -120 -109036 -60205 58131 102828 97308 114086
-5 -26 -108837 -61112 58681 102160 97274 114200
30 170 -108116 -61893 59614 101825 97221 114301
-42 -204 -107515 -62539 60384 101544 97152 114376
33 178 -106386 -63457 61690 101250 97070 114443
-15 -44 -105981 -63403 61985 101451 96978 114488
-24 -104 -105365 -64264 62832 100964 96874 114517
36 204 -105335 -64956 63138 100372 96760 114518
-43 -196 -104970 -65744 63779 99844 96640 114491
22 124 -105149 -66622 64004 99029 96526 114433
7 43 -104794 -67661 64743 98307 96433 114345
-36 -159 -104356 -68578 65502 97739 96373 114231
40 219 -103183 -69704 66948 97295 96345 114097
-39 -162 -102382 -70513 67940 96959 96360 113963
6 54 -101409 -71183 69010 96798 96409 113838
17 119 -100582 -71995 70011 96440 96485 113740
-43 -197 -100466 -72575 70332 95979 96574 113668
37 208 -100322 -73414 70799 95315 96673 113623
-27 -102 -100212 -74131 71200 94748 96779 113604
-9 -39 -99990 -74911 71722 94185 96880 113605
31 185 -99740 -75740 72286 93600 96980 113622
-46 -202 -99692 -76048 72458 93389 97082 113666
34 169 -99208 -75859 72783 93768 97176 113732
-13 -29 -99042 -75390 72716 94242 97257 113822
-25 -115 -98812 -74532 72535 95045 97312 113932
36 207 -99041 -74440 72283 95008 97332 114055
-43 -197 -100041 -73411 71024 95444 97314 114191
20 109 -100508 -73089 70515 95506 97259 114316
9 51 -101536 -72383 69382 95674 97168 114419
-34 -168 -101710 -72440 69281 95563 97062 114488
40 219 -102105 -72154 68846 95665 96945 114528
-33 -155 -101818 -71858 68967 96048 96832 114529
3 38 -101707 -71366 68846 96525 96724 114505
21 129 -101666 -70472 68490 97288 96625 114457
-45 -199 -102228 -69726 67695 97675 96541 114399
35 200 -102269 -69197 67429 98078 96466 114323
-22 -90 -103202 -68870 66521 97954 96408 114236
-14 -54 -103358 -68859 66404 97884 96370 114130
35 183 -104059 -68946 65873 97527 96358 114014
-45 -201 -104040 -69095 65968 97430 96383 113892
30 166 -103910 -68850 65980 97710 96437 113774
-7 -13 -103843 -68779 66003 97819 96529 113674
-32 -118 -103304 -67862 66061 98817 96638 113606
36 214 -103898 -66556 65003 99654 96760 113566
-44 -191 -104348 -66105 64435 99823 96892 113567
16 106 -104950 -65895 63842 99741 97007 113609
12 66 -105909 -64510 62486 100496 97108 113676
-34 -179 -106515 -63966 61769 100699 97178 113758
42 214 -107443 -63608 60864 100632 97236 113850
-32 -150 -107530 -63074 60583 101070 97272 113953
4 20 -107787 -61920 59894 101953 97287 114055
23 140 -107996 -61064 59353 102596 97280 114159
-42 -200 -108373 -59861 58528 103453 97254 114269
39 196 -108774 -58409 57578 104490 97195 114369
-21 -86 -109544 -57867 56705 104609 97109 114457
-15 -65 -110598 -56770 55376 105088 96996 114527
36 190 -111339 -55972 54443 105445 96866 114557
-41 -203 -112348 -55692 53505 105278 96734 114551
28 158 -112471 -55149 53199 105703 96612 114508
-2 -1 -112634 -54649 52864 106074 96509 114425
-30 -131 -112325 -54470 53041 106366 96437 114324
37 217 -112294 -53479 52638 107215 96393 114212
-41 -184 -112425 -53028 52322 107530 96376 114097
15 92 -112916 -51980 51466 108187 96387 113987
14 84 -114138 -51116 50092 108393 96419 113883
-41 -179 -114308 -51268 50029 108187 96473 113794
42 215 -114613 -51176 49752 108133 96537 113713
-30 -134 -114902 -51589 49699 107683 96623 113646
-1 10 -115049 -50941 49326 108188 96731 113601
28 155 -114686 -51117 49702 108208 96853 113578
-46 -198 -114396 -50638 49732 108743 96980 113591
39 187 -114244 -49882 49524 109433 97102 113638
-17 -73 -114693 -49188 48846 109816 97204 113722
-16 -82 -115351 -48603 48047 110016 97278 113837
38 196 -115626 -48386 47739 110067 97317 113964
-41 -207 -116103 -48651 47459 109647 97314 114096
30 142 -116264 -48710 47371 109534 97283 114215
0 13 -116111 -49158 47695 109238 97220 114317
-27 -143 -115946 -49302 47900 109205 97144 114397
41 216 -114903 -50168 49123 108922 97057 114456
-39 -178 -114668 -49593 49061 109505 96960 114497
11 76 -114373 -49884 49407 109372 96858 114516
15 90 -114329 -49595 49315 109610 96747 114512
-39 -187 -114696 -49975 49163 109118 96634 114483
40 212 -114953 -50344 49114 108694 96527 114430
-26 -128 -114693 -51188 49701 108092 96437 114341
-4 -7 -114487 -52109 50267 107418 96371 114230
29 159 -113699 -53167 51368 106869 96342 114098
-44 -200 -112819 -53920 52406 106618 96353 113963
33 191 -112401 -54184 52850 106579 96404 113833
-16 -55 -111890 -53912 53147 107016 96486 113728
-23 -87 -111852 -53783 53107 107118 96584 113654
36 204 -112288 -53675 52694 107007 96692 113611
-44 -199 -112177 -54158 52995 106629 96806 113597
24 138 -112082 -54856 53373 106074 96908 113607
6 30 -112257 -55894 53670 105140 97009 113641
-29 -153 -111537 -56872 54693 104635 97107 113695
43 214 -110877 -57246 55403 104611 97189 113765
-39 -173 -109755 -58531 56861 104002 97259 113855
13 63 -109347 -58376 57119 104312 97307 113966
17 104 -108609 -58457 57751 104523 97326 114082
-40 -193 -108733 -58931 57822 104053 97305 114213
41 209 -109008 -59043 57638 103824 97247 114336
-25 -122 -109019 -59634 57890 103311 97156 114437
-5 -26 -108901 -60695 58439 102471 97039 114509
30 170 -108558 -61249 58967 102158 96913 114544
-42 -205 -108276 -62338 59659 101383 96790 114539
31 184 -107454 -62639 60471 101496 96678 114507
-15 -43 -106483 -62749 61313 101799 96580 114439
-25 -102 -106305 -63375 61696 101343 96502 114361
34 204 -106011 -63381 61929 101446 96444 114276
-43 -197 -106071 -63416 61889 101370 96402 114179
19 126 -106261 -64223 62069 100598 96379 114076
7 40 -105743 -65090 62880 100073 96382 113964
-36 -157 -105814 -66541 63429 98831 96411 113849
40 218 -105074 -67239 64353 98571 96476 113743
-36 -163 -103950 -68541 65828 97957 96564 113650
3 60 -102881 -69181 66971 97871 96677 113585
19 119 -102014 -70348 68152 97246 96805 113554
-48 -193 -101626 -70790 68641 97030 96937 113569
39 203 -101165 -71223 69193 96838 97061 113619
-24 -107 -101175 -71711 69385 96398 97159 113698
-8 -43 -101164 -72553 69758 95687 97230 113801
34 178 -101327 -72921 69791 95312 97272 113909
-41 -207 -100930 -73821 70505 94736 97289 114020
34 171 -100264 -74553 71367 94413 97282 114122
-10 -30 -100000 -74672 71630 94443 97256 114225
-25 -112 -99232 -74290 72100 95084 97208 114318
38 210 -99654 -73971 71588 95171 97137 114401
-44 -198 -99855 -73263 71118 95671 97048 114478
19 112 -100570 -72231 70093 96217 96937 114527
7 51 -101009 -72607 69894 95700 96817 114547
-34 -169 -101898 -72105 68966 95763 96687 114536
39 219 -101940 -71837 68838 95982 96563 114482
-33 -158 -102311 -71567 68425 96070 96460 114392
3 40 -102351 -71185 68242 96395 96396 114280
19 129 -102053 -71024 68410 96668 96360 114155
-44 -197 -102197 -69811 67771 97630 96362 114032
35 205 -102722 -68924 66950 98146 96394 113916
-23 -93 -103252 -67797 66039 98854 96448 113816
-16 -52 -104372 -66637 64626 99345 96514 113735
34 181 -105309 -66287 63721 99249 96596 113673
-45 -201 -105566 -65855 63346 99507 96686 113628
28 167 -106100 -65816 62902 99333 96792 113601
-7 -13 -105835 -65857 63150 99429 96907 113596
-32 -113 -105737 -65190 62952 100054 97024 113621
40 210 -105599 -64440 62743 100741 97137 113672
-42 -193 -105361 -64314 62867 100933 97231 113758
18 100 -105905 -63640 62118 101267 97298 113877
12 66 -106145 -63071 61685 101621 97331 114004
-36 -177 -106510 -63743 61661 100891 97320 114136
43 215 -106901 -63482 61246 100952 97276 114263
-32 -151 -106697 -64362 61794 100303 97199 114367
4 21 -107098 -64125 61370 100362 97105 114444
25 140 -106389 -64213 62008 100598 97006 114490
-42 -199 -106261 -63962 61996 100875 96902 114512
36 200 -106067 -63616 61997 101246 96803 114513
-21 -85 -106085 -63163 61777 101606 96700 114494
-17 -65 -106641 -62389 60988 102006 96600 114452
34 188 -107173 -62020 60397 102075 96508 114388
-41 -205 -107397 -62684 60493 101414 96425 114304
28 158 -108069 -62200 59748 101554 96368 114200
-4 -6 -108045 -62352 59849 101446 96342 114073
-30 -127 -107864 -62614 60114 101323 96355 113940
37 217 -107813 -61796 59817 102046 96405 113809
-42 -184 -107506 -61789 60057 102185 96490 113701
11 94 -107690 -60683 59426 103033 96595 113627
12 81 -107923 -60178 59012 103340 96714 113586
-43 -178 -108826 -59379 57927 103622 96832 113581
38 215 -109495 -58552 57044 104027 96947 113605
-31 -135 -110173 -58485 56463 103799 97045 113650
3 4 -110439 -58678 56338 103542 97130 113718
30 148 -110525 -58475 56196 103701 97201 113797
-42 -203 -110340 -58096 56198 104123 97259 113890
39 191 -110308 -57218 55850 104884 97295 113992
-18 -71 -110328 -56547 55540 105441 97310 114106
-17 -77 -110671 -55639 54858 106051 97290 114228
39 198 -111215 -54992 54126 106351 97234 114346
-41 -207 -112095 -53915 52952 106876 97143 114447
28 144 -112742 -54019 52474 106510 97031 114515
1 12 -112992 -53972 52264 106454 96899 114557
-29 -142 -113105 -54494 52398 105986 96769 114554
40 220 -112910 -54247 52463 106299 96645 114515
-38 -179 -112382 -54334 52933 106457 96543 114440
13 79 -112092 -54109 53065 106772 96467 114350
13 91 -112009 -53645 52926 107185 96418 114248
-41 -184 -111996 -53740 52962 107087 96391 114143
39 212 -112185 -53571 52730 107131 96384 114039
-27 -127 -112495 -54088 52691 106554 96397 113930
-5 -5 -112512 -54468 52852 106222 96435 113829
31 158 -112335 -55667 53509 105299 96496 113733
-43 -200 -111885 -56066 54065 105170 96583 113651
31 193 -111472 -56825 54721 104725 96693 113595
-15 -54 -110327 -57207 55831 104884 96827 113565
-25 -81 -109819 -57642 56417 104725 96960 113574
37 199 -109162 -57971 57082 104706 97084 113625
-41 -204 -109282 -58224 57073 104422 97185 113708
25 130 -109111 -58789 57456 103995 97260 113818
4 25 -109004 -59846 57989 103139 97296 113937
-31 -152 -109298 -60548 58051 102437 97303 114062
43 215 -109075 -60764 58342 102366 97282 114178
-37 -172 -108534 -61082 58933 102342 97239 114277
10 67 -107945 -61366 59536 102360 97174 114359
19 104 -107612 -61076 59675 102747 97094 114429
-42 -190 -107645 -60543 59407 103170 97002 114483
39 211 -107779 -60554 59284 103087 96900 114520
-27 -123 -108038 -60452 59026 103049 96783 114531
-6 -25 -108586 -60472 58585 102790 96659 114512
31 169 -108802 -60727 58529 102489 96542 114461
-42 -206 -108687 -61141 58809 102196 96445 114373
34 184 -108517 -62106 59360 101476 96380 114258
-14 -45 -107626 -62531 60283 101511 96350 114130
-24 -98 -107181 -61956 60406 102179 96358 113990
35 206 -106711 -62738 61095 101717 96398 113867
-45 -197 -106532 -62308 61054 102134 96467 113766
19 128 -106651 -62462 61008 101932 96551 113689
4 38 -106922 -62867 60953 101463 96644 113642
-37 -155 -106965 -63412 61153 100984 96742 113615
38 216 -107105 -63932 61270 100495 96848 113608
-37 -161 -106720 -64473 61832 100214 96954 113619
8 53 -106127 -65140 62605 99921 97060 113654
23 113 -105758 -64855 62789 100323 97160 113711
-43 -197 -105571 -64950 62964 100329 97244 113802
37 205 -105387 -64335 62848 100917 97309 113918
-24 -109 -105665 -63280 62169 101664 97332 114043
-10 -39 -106660 -62898 61178 101553 97317 114176
35 176 -107231 -62424 60525 101706 97265 114303
-43 -206 -107621 -62838 60387 101199 97180 114405
35 171 -107849 -62703 60156 101238 97073 114482
-9 -29 -107943 -62413 59966 101464 96959 114524
-26 -109 -107741 -62186 60039 101758 96848 114531
40 210 -107699 -61560 59807 102313 96745 114512
-43 -195 -107619 -60777 59530 103001 96644 114474
18 115 -108195 -59990 58709 103410 96554 114415
8 50 -108421 -59613 58363 103613 96478 114345
-37 -166 -109061 -59295 57705 103595 96414 114256
42 219 -109393 -59544 57546 103245 96372 114148
