# 2017-08-30T14:39:08.727097Z 9586 96501801721737
1 -1 -382 1786 -29 -1749 -1 -27
1 0 1227 -6281 194 6238 2 10
1 -1 -10852 54103 -1478 -53597 -1 -252
2 -1 -28598 119698 944 -116662 109 -2017
1 -1 -35789 109042 9348 -103907 540 -4088
0 0 -48704 107035 20536 -101027 1370 -5992
1 0 -59774 101723 29888 -94874 2598 -7731
0 0 -69834 95293 37830 -87899 4167 -9233
0 -1 -79338 87825 44846 -80360 6045 -10458
0 0 -87932 79437 50677 -72392 8183 -11355
0 -1 -95596 70255 55376 -64170 10523 -11886
0 0 -102256 60371 58965 -55822 13010 -12029
1 -1 -107893 49883 61513 -47473 15590 -11773
0 0 -112402 38978 62999 -39292 18207 -11107
-1 0 -115766 27762 63504 -31385 20794 -10028
1 1 -118008 16343 63140 -23835 23290 -8553
0 -1 -119127 4835 61997 -16727 25648 -6684
0 -1 -119132 -6713 60160 -10059 27817 -4452
0 0 -118042 -18065 57693 -4023 29752 -1883
0 0 -115878 -29096 54674 1333 31411 985
0 0 -112700 -39882 51251 6147 32747 4120
0 -1 -108580 -50229 47514 10297 33739 7478
1 0 -103576 -60015 43534 13739 34364 11008
1 1 -97736 -69231 39388 16555 34603 14676
0 0 -91153 -77805 35188 18740 34447 18424
0 0 -83933 -85645 31011 20275 33885 22208
0 0 -76113 -92735 26900 21237 32920 25982
1 0 -67779 -99075 22918 21696 31556 29703
0 0 -59076 -104572 19164 21611 29815 33320
0 0 -50053 -109239 15660 21063 27701 36805
1 0 -40781 -113086 12429 20142 25246 40114
0 0 -31342 -116124 9506 18878 22470 43212
0 0 -21868 -118334 6952 17294 19396 46065
0 1 -12373 -119753 4735 15488 16065 48661
0 2 -2969 -120412 2904 13486 12505 50972
0 2 6323 -120342 1404 11347 8749 52982
0 1 15375 -119577 305 9113 4839 54680
-1 1 24172 -118155 -431 6826 802 56065
-1 1 32697 -116149 -832 4538 -3333 57126
-1 1 40923 -113562 -932 2264 -7534 57867
-1 1 48773 -110473 -697 68 -11776 58295
0 0 56250 -106911 -159 -2033 -16041 58404
-1 0 63396 -102895 602 -4034 -20305 58204
-1 1 70121 -98500 1640 -5896 -24534 57702
-1 -1 76413 -93763 2925 -7581 -28718 56904
-1 -1 82298 -88688 4394 -9099 -32835 55820
-1 -1 87835 -83283 5968 -10467 -36867 54457
0 -1 92887 -77680 7767 -11609 -40795 52830
-2 0 97493 -71856 9705 -12546 -44599 50955
-2 -1 101708 -65817 11703 -13290 -48272 48839
-2 -1 105495 -59649 13802 -13813 -51795 46499
-3 -1 108858 -53372 15959 -14119 -55153 43951
-2 -1 111802 -46993 18156 -14227 -58337 41212
-3 -1 114323 -40584 20387 -14104 -61336 38301
-2 -2 116433 -34173 22627 -13764 -64141 35243
-2 -2 118165 -27739 24836 -13267 -66742 32047
-2 -2 119530 -21329 27000 -12593 -69149 28734
-2 -2 120525 -15007 29137 -11722 -71342 25329
-3 -3 121171 -8765 31208 -10685 -73333 21849
-2 -3 121487 -2659 33219 -9471 -75122 18309
-1 -3 121500 3362 35137 -8149 -76706 14724
-1 -4 121241 9276 36950 -6735 -78088 11117
-2 -3 120712 14967 38689 -5152 -79278 7506
-2 -4 119927 20446 40336 -3439 -80280 3906
-1 -3 118919 25791 41873 -1676 -81105 320
0 -3 117722 30973 43292 161 -81762 -3233
-1 -3 116329 35956 44614 2090 -82252 -6761
1 -4 114762 40730 45842 4100 -82588 -10248
0 -3 113032 45386 46957 6114 -82778 -13701
0 -3 111177 49831 47956 8218 -82829 -17098
0 -3 109194 54128 48836 10338 -82742 -20451
1 -3 107073 58266 49627 12493 -82528 -23760
1 -3 104849 62246 50303 14682 -82191 -27012
0 -3 102530 66027 50875 16946 -81733 -30222
1 -3 100104 69688 51350 19202 -81160 -33379
1 -2 97592 73225 51704 21463 -80473 -36480
0 -3 94997 76612 51951 23763 -79675 -39544
0 -3 92310 79873 52101 26060 -78776 -42549
1 -2 89548 82985 52149 28373 -77770 -45500
1 -2 86702 86001 52108 30649 -76668 -48395
1 -2 83801 88863 51961 32953 -75475 -51229
1 -2 80848 91573 51712 35273 -74182 -54009
0 -2 77836 94164 51363 37570 -72798 -56728
1 -2 74759 96671 50936 39804 -71345 -59373
1 -1 71662 99023 50403 42037 -69812 -61948
1 -1 68560 101221 49778 44269 -68207 -64443
1 -1 65425 103291 49090 46456 -66544 -66865
1 -1 62268 105257 48327 48590 -64825 -69210
1 -2 59107 107075 47497 50709 -63055 -71467
0 -1 55951 108796 46593 52748 -61233 -73647
1 -2 52811 110377 45620 54766 -59378 -75743
0 -1 49709 111828 44593 56745 -57498 -77749
0 -1 46634 113156 43509 58679 -55592 -79670
0 -2 43528 114410 42438 60498 -53665 -81506
0 -2 40495 115560 41304 62259 -51738 -83250
0 -2 37580 116562 40095 64019 -49815 -84911
0 -1 34679 117468 38924 65698 -47897 -86482
0 -2 31841 118291 37729 67300 -46003 -87969
1 -2 29103 119007 36530 68850 -44144 -89368
1 -2 26478 119636 35325 70342 -42323 -90686
1 -2 23927 120189 34136 71765 -40536 -91924
1 -3 21474 120668 32962 73126 -38796 -93083
2 -2 19129 121076 31796 74433 -37113 -94170
2 -2 16858 121431 30655 75680 -35476 -95195
1 -3 14678 121733 29539 76871 -33880 -96164
1 -3 12569 121987 28443 78015 -32321 -97071
1 -3 10513 122193 27362 79123 -30799 -97929
1 -3 8513 122373 26278 80188 -29306 -98746
2 -2 6566 122507 25187 81227 -27820 -99527
2 -3 4664 122601 24113 82237 -26357 -100270
2 -3 2820 122676 22997 83213 -24902 -100976
2 -2 991 122713 21880 84158 -23459 -101652
2 -2 -841 122736 20788 85060 -22023 -102293
2 -2 -2634 122736 19677 85929 -20588 -102907
2 -2 -4356 122694 18526 86798 -19169 -103491
3 -2 -6128 122615 17457 87623 -17760 -104042
3 -2 -7844 122560 16376 88385 -16372 -104567
3 -2 -9459 122465 15274 89150 -15018 -105063
3 -1 -11037 122326 14218 89893 -13703 -105524
3 -1 -12536 122202 13181 90585 -12443 -105963
3 -1 -13926 122053 12154 91280 -11246 -106374
3 -1 -15272 121911 11224 91922 -10110 -106760
3 -1 -16541 121747 10367 92546 -9032 -107122
3 0 -17674 121595 9499 93149 -8027 -107460
3 -1 -18729 121443 8722 93729 -7114 -107777
2 0 -19724 121315 8035 94263 -6267 -108080
1 -1 -20609 121186 7392 94794 -5499 -108370
1 -1 -21429 121055 6834 95308 -4808 -108648
3 0 -22112 120930 6291 95816 -4184 -108914
2 0 -22736 120827 5809 96298 -3627 -109168
1 0 -23311 120740 5401 96761 -3133 -109415
1 0 -23817 120656 5053 97217 -2698 -109653
1 -1 -24199 120582 4696 97679 -2323 -109884
2 0 -24532 120507 4409 98135 -2006 -110111
2 0 -24870 120454 4239 98554 -1746 -110333
2 -1 -25105 120429 4073 98955 -1542 -110547
2 -1 -25243 120401 3922 99370 -1391 -110753
1 -1 -25376 120381 3849 99771 -1280 -110957
0 -1 -25475 120380 3832 100149 -1219 -111161
0 -1 -25479 120387 3802 100530 -1197 -111360
1 -1 -25474 120396 3832 100903 -1213 -111553
1 -2 -25425 120420 3894 101265 -1266 -111743
1 -2 -25294 120450 3941 101633 -1353 -111925
1 -3 -25196 120478 4068 101989 -1463 -112106
0 -3 -25084 120513 4220 102330 -1595 -112284
2 -2 -24921 120553 4358 102672 -1743 -112458
2 -3 -24736 120602 4513 103000 -1916 -112629
3 -2 -24538 120650 4685 103323 -2101 -112796
3 -1 -24343 120699 4900 103638 -2304 -112958
2 -2 -24131 120753 5134 103945 -2526 -113118
2 -2 -23875 120804 5374 104250 -2774 -113272
2 -2 -23571 120871 5644 104540 -3058 -113421
2 -2 -23206 120953 5928 104822 -3385 -113569
3 -1 -22828 121021 6288 105111 -3754 -113714
3 -1 -22387 121106 6681 105381 -4169 -113850
3 -1 -21884 121210 7121 105641 -4645 -113980
2 -2 -21322 121326 7624 105885 -5180 -114103
2 -1 -20693 121445 8187 106117 -5774 -114215
3 -1 -19986 121564 8799 106346 -6427 -114315
3 -2 -19249 121682 9518 106562 -7157 -114409
3 -1 -18410 121808 10282 106758 -7964 -114491
2 -1 -17468 121947 11078 106939 -8831 -114559
3 -1 -16490 122091 11949 107103 -9756 -114613
3 0 -15472 122253 12885 107223 -10737 -114651
2 -1 -14381 122380 13865 107360 -11767 -114678
1 0 -13234 122509 14895 107467 -12852 -114690
3 0 -12043 122634 15969 107554 -13981 -114678
2 -1 -10820 122753 17071 107626 -15134 -114654
1 -1 -9573 122882 18210 107652 -16323 -114609
1 0 -8240 122978 19342 107686 -17550 -114544
1 0 -6961 123052 20585 107692 -18801 -114457
0 0 -5610 123134 21812 107664 -20077 -114356
0 -1 -4226 123201 23064 107618 -21379 -114232
1 -1 -2830 123257 24356 107541 -22706 -114085
1 -1 -1411 123275 25642 107468 -24046 -113920
1 -1 31 123282 26923 107366 -25391 -113737
1 -1 1487 123276 28223 107235 -26746 -113531
1 -1 2963 123247 29522 107093 -28107 -113309
1 -2 4396 123197 30862 106924 -29467 -113066
0 -2 5862 123150 32179 106726 -30836 -112799
1 -1 7382 123080 33446 106525 -32200 -112516
1 -2 8821 122984 34791 106292 -33567 -112215
1 -3 10265 122878 36151 106018 -34939 -111891
0 -2 11736 122754 37479 105740 -36305 -111548
0 -2 13208 122615 38800 105450 -37667 -111187
1 -2 14704 122452 40097 105145 -39027 -110809
1 -2 16183 122260 41416 104817 -40390 -110413
0 -3 17648 122062 42740 104459 -41746 -109998
1 -3 19109 121854 44049 104080 -43091 -109571
2 -3 20563 121637 45359 103668 -44431 -109120
2 -3 22052 121357 46644 103290 -45772 -108651
3 -2 23530 121069 47922 102877 -47108 -108167
3 -2 24945 120804 49252 102397 -48435 -107665
2 -2 26390 120514 50558 101917 -49759 -107142
2 -2 27840 120186 51843 101444 -51076 -106605
2 -2 29291 119838 53094 100961 -52372 -106054
2 -2 30698 119491 54348 100448 -53651 -105494
3 -2 32096 119136 55587 99914 -54922 -104918
1 -2 33496 118725 56823 99396 -56178 -104330
2 -2 34899 118321 58020 98857 -57418 -103730
2 -2 36270 117917 59217 98304 -58645 -103120
2 -1 37604 117513 60431 97707 -59865 -102493
2 -1 38979 117058 61596 97135 -61072 -101856
2 -1 40308 116596 62785 96521 -62273 -101201
1 0 41655 116151 63960 95864 -63476 -100526
1 -1 43017 115680 65119 95205 -64672 -99837
1 0 44359 115144 66308 94565 -65867 -99125
1 -1 45666 114635 67480 93868 -67047 -98405
1 0 47001 114096 68609 93182 -68208 -97675
0 0 48330 113541 69722 92500 -69352 -96937
0 -1 49596 113002 70847 91778 -70480 -96191
0 -1 50825 112457 71954 91049 -71580 -95443
0 -2 52081 111881 73007 90347 -72662 -94689
-1 -2 53340 111289 74020 89649 -73728 -93931
0 -2 54537 110701 75044 88931 -74768 -93175
0 -2 55682 110140 76082 88166 -75787 -92417
0 -2 56805 109588 77095 87393 -76789 -91653
1 -3 57969 108975 78048 86690 -77771 -90891
0 -3 59140 108365 78975 85967 -78744 -90118
0 -3 60242 107740 79951 85207 -79707 -89329
0 -2 61348 107109 80913 84432 -80669 -88528
0 -2 62487 106453 81862 83644 -81636 -87709
1 -3 63620 105800 82818 82808 -82603 -86864
0 -4 64792 105087 83767 81978 -83570 -85990
0 -4 65962 104329 84728 81139 -84554 -85085
1 -3 67121 103577 85713 80226 -85542 -84150
0 -3 68278 102845 86723 79234 -86533 -83190
-1 -4 69477 102059 87708 78252 -87535 -82203
-1 -4 70710 101190 88658 77310 -88529 -81191
1 -3 71896 100361 89627 76300 -89512 -80165
1 -3 73079 99523 90567 75273 -90481 -79127
1 -4 74249 98651 91504 74254 -91435 -78080
1 -3 75395 97758 92426 73247 -92366 -77038
2 -3 76538 96861 93300 72260 -93268 -75997
2 -3 77630 96000 94174 71238 -94153 -74958
2 -2 78685 95171 95010 70208 -95003 -73934
1 -3 79707 94304 95822 69226 -95826 -72924
1 -3 80716 93437 96614 68245 -96632 -71913
1 -3 81697 92584 97404 67240 -97420 -70901
1 -3 82681 91741 98155 66219 -98193 -69888
1 -3 82341 89547 100416 66167 -98940 -68854
0 -3 89169 94530 94355 60821 -99733 -67825
1 -2 46188 49323 146178 92354 -100271 -66606
0 0 -2238 -79 201415 125245 -99459 -64628
0 0 3546 5717 192122 117052 -98207 -62656
0 -1 2252 4313 191016 114771 -96892 -60961
0 0 2228 4226 188124 112039 -95435 -59523
0 0 2192 4151 184953 109886 -93827 -58382
0 -1 2145 4085 181511 108332 -92065 -57550
0 1 2086 4025 177777 107388 -90150 -57030
-2 0 2013 3974 173734 107051 -88074 -56827
-1 0 1932 3930 169373 107310 -85829 -56919
-1 0 1837 3894 164683 108118 -83404 -57287
-1 0 1728 3862 159654 109443 -80806 -57911
-1 -1 1607 3834 154267 111229 -78018 -58769
-1 0 1477 3809 148522 113398 -75038 -59827
-1 -1 1333 3788 142412 115882 -71871 -61041
-1 -1 1180 3765 135936 118588 -68514 -62361
-1 -1 1020 3742 129103 121437 -64975 -63747
-1 -1 854 3714 121929 124343 -61255 -65166
-2 -1 682 3682 114437 127211 -57375 -66553
0 -1 506 3645 106668 129946 -53353 -67874
0 -2 327 3601 98656 132487 -49208 -69094
-1 -2 148 3549 90460 134752 -44976 -70168
-1 -2 -30 3489 82126 136693 -40673 -71072
1 -2 -205 3421 73687 138275 -36322 -71791
0 -1 -378 3346 65162 139472 -31932 -72317
-1 -2 -546 3261 56579 140276 -27512 -72632
0 -3 -711 3170 47954 140665 -23081 -72739
0 -1 -872 3070 39279 140634 -18624 -72629
0 -2 -1029 2960 30579 140173 -14162 -72297
1 -1 -1179 2844 21883 139256 -9709 -71727
0 -1 -1324 2718 13212 137868 -5270 -70921
1 -1 -1463 2584 4594 136002 -866 -69870
2 -1 -1593 2443 -3932 133646 3486 -68566
1 -1 -1716 2294 -12306 130786 7754 -67007
1 -1 -1830 2138 -20488 127435 11919 -65192
1 0 -1933 1976 -28429 123590 15951 -63134
1 -2 -2026 1809 -36087 119262 19836 -60827
1 1 -2107 1637 -43415 114469 23547 -58286
1 0 -2177 1460 -50377 109234 27062 -55519
1 -1 -2235 1279 -56919 103579 30357 -52545
0 0 -2279 1100 -63005 97540 33414 -49376
0 0 -2309 918 -68610 91160 36222 -46040
-1 1 -2330 735 -73709 84461 38767 -42546
0 0 -2334 554 -78285 77478 41037 -38909
0 1 -2328 373 -82320 70243 43031 -35153
-1 0 -2307 195 -85803 62793 44733 -31290
0 0 -2274 20 -88713 55170 46141 -27345
-1 0 -2229 -151 -91032 47416 47253 -23337
-1 1 -2172 -316 -92751 39576 48046 -19297
-1 0 -2103 -474 -93878 31689 48531 -15234
-1 0 -2022 -627 -94400 23787 48713 -11173
0 0 -1931 -773 -94317 15911 48586 -7134
0 1 -1829 -910 -93625 8098 48149 -3131
-1 0 -1718 -1037 -92328 392 47398 814
-1 0 -1595 -1155 -90432 -7154 46340 4660
-1 0 -1467 -1262 -87945 -14481 44978 8397
-1 1 -1330 -1359 -84884 -21532 43331 11979
-2 0 -1186 -1443 -81271 -28246 41402 15386
-1 1 -1038 -1513 -77147 -34570 39216 18585
-1 0 -887 -1569 -72546 -40438 36791 21549
-1 -1 -733 -1612 -67531 -45807 34158 24250
-1 -1 -579 -1640 -62170 -50642 31349 26667
-1 -1 -425 -1655 -56512 -54895 28398 28788
-1 -2 -274 -1658 -50625 -58553 25337 30605
-2 -2 -129 -1644 -44578 -61620 22200 32112
0 -2 14 -1621 -38424 -64090 19016 33311
0 -2 150 -1586 -32219 -65971 15806 34209
0 -1 280 -1541 -26008 -67289 12604 34813
0 -1 403 -1485 -19838 -68052 9428 35129
0 -1 519 -1421 -13754 -68269 6302 35178
1 -1 627 -1348 -7776 -67980 3239 34960
1 -2 726 -1268 -1938 -67202 252 34499
1 -1 818 -1180 3739 -65947 -2650 33796
1 -1 901 -1086 9241 -64242 -5457 32856
0 -1 975 -986 14543 -62091 -8151 31694
0 0 1040 -881 19610 -59507 -10728 30311
1 -1 1095 -771 24414 -56513 -13157 28720
1 0 1139 -657 28919 -53121 -15432 26933
0 -1 1174 -539 33079 -49366 -17529 24956
0 0 1197 -421 36873 -45275 -19425 22813
0 0 1210 -302 40245 -40885 -21109 20520
-1 1 1212 -182 43176 -36243 -22557 18104
0 0 1201 -64 45630 -31398 -23761 15589
-1 1 1179 50 47587 -26400 -24711 13002
0 0 1148 162 49039 -21310 -25397 10377
0 0 1107 267 49978 -16187 -25828 7733
-1 0 1056 365 50415 -11076 -25990 5110
0 0 998 457 50352 -6045 -25902 2525
-1 0 933 542 49817 -1132 -25574 12
0 0 860 618 48828 3612 -25013 -2413
-1 0 782 685 47415 8157 -24235 -4730
0 0 701 743 45599 12466 -23255 -6919
0 -1 612 793 43409 16512 -22085 -8976
0 -1 524 834 40876 20272 -20748 -10873
0 0 433 865 38041 23719 -19254 -12616
0 -1 342 887 34929 26835 -17624 -14177
0 -1 248 900 31580 29593 -15869 -15557
0 -1 155 903 28025 31982 -14020 -16738
0 -1 64 897 24309 33979 -12086 -17724
0 -1 -23 884 20470 35583 -10100 -18500
0 -2 -109 861 16554 36780 -8075 -19070
1 -2 -190 832 12608 37578 -6041 -19430
0 -2 -266 794 8669 37966 -4016 -19583
1 -2 -337 751 4785 37960 -2022 -19538
1 -2 -402 701 985 37576 -78 -19297
1 -1 -461 645 -2683 36834 1796 -18877
2 -1 -513 586 -6196 35753 3586 -18283
2 -1 -559 522 -9524 34358 5278 -17530
1 -1 -596 458 -12639 32671 6857 -16630
2 -1 -627 390 -15515 30724 8310 -15597
2 0 -651 319 -18137 28540 9633 -14449
1 1 -666 250 -20493 26152 10816 -13197
1 0 -675 179 -22572 23588 11850 -11857
2 1 -677 111 -24358 20874 12737 -10445
2 1 -673 42 -25847 18037 13467 -8974
1 1 -662 -25 -27033 15108 14043 -7458
1 1 -644 -88 -27905 12118 14464 -5917
1 1 -621 -149 -28471 9103 14723 -4363
1 1 -591 -207 -28728 6094 14823 -2815
0 1 -557 -261 -28685 3123 14767 -1291
0 1 -518 -310 -28350 222 14561 197
0 1 -476 -353 -27735 -2579 14215 1626
-1 2 -430 -392 -26860 -5249 13735 2988
0 1 -382 -426 -25744 -7763 13133 4265
-1 0 -331 -452 -24410 -10105 12422 5452
-1 1 -281 -475 -22881 -12250 11616 6540
-1 0 -229 -491 -21189 -14195 10724 7516
-1 1 -176 -502 -19353 -15923 9761 8383
-1 0 -124 -507 -17399 -17427 8739 9131
-1 0 -73 -507 -15351 -18703 7673 9762
-1 0 -23 -502 -13233 -19753 6575 10275
-2 0 25 -492 -11069 -20571 5454 10671
-1 -1 72 -480 -8877 -21163 4323 10952
0 -1 115 -461 -6681 -21538 3191 11118
-1 0 157 -439 -4499 -21692 2071 11174
-1 0 193 -414 -2349 -21638 967 11124
0 0 228 -387 -250 -21384 -105 10969
-1 -1 260 -356 1780 -20934 -1143 10717
0 -1 288 -323 3726 -20304 -2135 10371
0 -1 313 -290 5572 -19500 -3071 9936
-1 -1 333 -253 7306 -18537 -3953 9425
0 -2 350 -216 8916 -17429 -4765 8838
0 -2 362 -177 10385 -16189 -5506 8184
0 -1 369 -139 11708 -14831 -6169 7474
1 -1 375 -100 12874 -13376 -6753 6715
2 -1 376 -61 13874 -11837 -7251 5916
1 -1 373 -24 14707 -10235 -7662 5086
1 -1 367 13 15371 -8588 -7986 4233
1 0 356 48 15856 -6915 -8217 3368
1 -1 343 82 16172 -5232 -8360 2501
1 -1 328 113 16319 -3561 -8417 1642
2 0 309 141 16301 -1913 -8388 796
1 0 289 167 16125 -307 -8279 -28
1 0 266 191 15801 1247 -8092 -820
3 0 242 212 15331 2731 -7834 -1577
1 1 216 229 14731 4132 -7513 -2289
1 1 189 245 14013 5441 -7129 -2951
1 1 161 258 13187 6649 -6694 -3560
1 1 133 267 12268 7746 -6213 -4117
0 1 105 273 11269 8729 -5692 -4611
0 2 77 277 10202 9596 -5135 -5045
0 3 48 277 9080 10339 -4553 -5416
0 2 21 274 7913 10963 -3948 -5724
0 2 -4 271 6717 11461 -3329 -5970
0 2 -29 265 5499 11833 -2700 -6151
-2 2 -52 256 4276 12087 -2069 -6266
-1 2 -76 245 3055 12221 -1441 -6321
-2 2 -97 233 1848 12238 -820 -6318
-1 2 -116 218 665 12141 -213 -6254
-2 3 -133 202 -483 11937 374 -6137
-3 1 -148 185 -1587 11631 939 -5969
-3 1 -163 167 -2637 11229 1473 -5749
-3 1 -174 147 -3626 10735 1976 -5485
-3 1 -184 128 -4548 10160 2442 -5180
-2 1 -192 109 -5398 9511 2871 -4839
-4 1 -197 88 -6166 8799 3260 -4465
-3 0 -200 68 -6854 8030 3604 -4063
-2 -2 -202 47 -7451 7215 3904 -3637
-3 -2 -203 27 -7961 6360 4157 -3195
-3 -2 -200 8 -8380 5478 4365 -2737
-2 -2 -195 -11 -8709 4577 4522 -2272
-2 -3 -189 -29 -8946 3665 4633 -1799
-3 -3 -183 -46 -9094 2749 4698 -1327
-1 -2 -174 -62 -9151 1840 4720 -860
-1 -2 -164 -76 -9122 947 4693 -402
-1 -3 -153 -90 -9013 73 4626 46
-1 -2 -142 -102 -8822 -768 4520 474
-1 -3 -129 -112 -8556 -1574 4374 886
0 -2 -115 -121 -8226 -2338 4195 1272
-1 -3 -101 -129 -7829 -3049 3984 1636
0 -2 -86 -136 -7379 -3712 3745 1968
0 -3 -72 -139 -6876 -4315 3480 2272
1 -2 -58 -143 -6329 -4860 3192 2544
0 -1 -44 -145 -5742 -5339 2886 2783
0 -2 -28 -145 -5124 -5754 2565 2988
1 -2 -15 -144 -4480 -6103 2232 3160
1 -1 0 -141 -3819 -6382 1892 3297
1 -2 12 -139 -3146 -6594 1545 3398
1 -1 24 -135 -2469 -6742 1195 3466
1 0 36 -128 -1790 -6823 848 3500
1 -1 47 -122 -1119 -6839 502 3501
1 -1 58 -115 -458 -6794 166 3470
1 -1 67 -106 185 -6688 -162 3410
1 0 74 -97 809 -6523 -478 3320
1 -1 82 -88 1402 -6305 -782 3200
1 1 89 -77 1965 -6033 -1067 3055
1 0 95 -66 2493 -5715 -1334 2887
0 0 98 -56 2981 -5351 -1580 2696
0 1 102 -46 3427 -4948 -1804 2483
0 0 104 -35 3827 -4508 -2004 2255
0 1 104 -24 4174 -4039 -2179 2010
0 0 104 -14 4472 -3545 -2325 1755
0 0 102 -2 4714 -3032 -2446 1490
0 0 100 8 4903 -2507 -2537 1220
0 1 97 16 5037 -1973 -2599 945
0 0 93 26 5116 -1438 -2633 670
0 0 89 35 5140 -907 -2641 398
0 0 83 42 5113 -385 -2622 129
0 -1 77 49 5035 123 -2574 -130
-1 0 71 56 4909 612 -2505 -379
0 0 63 61 4739 1078 -2412 -614
0 -1 55 66 4527 1518 -2299 -838
-1 0 48 70 4278 1927 -2166 -1043
1 0 39 73 3994 2302 -2016 -1232
0 0 31 76 3679 2641 -1851 -1400
-1 -1 24 77 3339 2941 -1673 -1550
0 -1 15 77 2979 3200 -1485 -1679
0 0 7 77 2598 3418 -1287 -1786
0 -1 0 76 2207 3593 -1086 -1872
0 0 -8 74 1805 3728 -879 -1936
0 0 -15 71 1399 3820 -670 -1980
0 0 -22 69 993 3871 -461 -2000
0 0 -28 65 589 3880 -254 -2000
0 0 -34 61 193 3850 -51 -1981
0 0 -39 56 -191 3782 145 -1940
0 1 -44 51 -563 3678 334 -1882
0 1 -47 46 -917 3538 512 -1807
-1 0 -52 39 -1247 3369 680 -1716
0 1 -54 34 -1553 3168 833 -1609
-1 0 -56 28 -1834 2942 973 -1489
0 1 -57 22 -2084 2693 1098 -1359
-1 1 -59 16 -2305 2424 1209 -1220
-1 1 -59 9 -2494 2140 1301 -1071
-1 0 -58 4 -2649 1843 1377 -918
-1 0 -58 -2 -2772 1538 1437 -761
-1 0 -56 -8 -2860 1228 1478 -601
-1 0 -53 -14 -2917 918 1503 -441
-2 0 -51 -18 -2941 607 1514 -283
-2 0 -48 -22 -2934 302 1507 -127
-2 0 -45 -27 -2897 5 1485 25
-1 -1 -40 -31 -2832 -281 1448 172
-1 -1 -37 -34 -2739 -554 1397 311
-1 -1 -33 -36 -2622 -812 1336 442
-1 -1 -28 -39 -2483 -1053 1260 563
-1 -2 -23 -41 -2323 -1273 1175 676
-1 -2 -19 -43 -2143 -1475 1083 776
-1 -3 -14 -43 -1949 -1654 981 866
-1 -3 -10 -43 -1741 -1810 873 946
0 -2 -5 -44 -1524 -1939 760 1011
-1 -2 -1 -43 -1297 -2045 643 1063
-1 -1 3 -41 -1067 -2127 524 1102
0 -2 7 -41 -834 -2184 404 1130
1 -2 11 -39 -601 -2215 283 1145
1 -2 14 -37 -371 -2225 164 1147
1 -2 18 -34 -146 -2210 47 1137
1 -2 21 -32 74 -2174 -66 1117
1 -1 24 -29 286 -2119 -176 1086
2 0 26 -26 487 -2043 -279 1044
2 0 28 -23 676 -1949 -377 993
2 0 29 -20 854 -1838 -469 935
2 0 31 -16 1017 -1713 -551 868
1 0 31 -12 1163 -1573 -625 793
1 1 32 -10 1293 -1423 -691 713
1 0 32 -5 1406 -1263 -747 628
1 0 31 -2 1501 -1094 -796 539
1 1 31 2 1577 -920 -833 448
0 1 30 4 1634 -740 -860 353
0 2 30 7 1671 -559 -877 258
0 2 28 10 1690 -378 -886 164
0 1 26 13 1692 -201 -885 71
0 1 23 15 1674 -27 -874 -20
-1 2 23 17 1639 144 -853 -107
-1 2 19 19 1589 306 -825 -190
-1 2 17 21 1522 458 -788 -269
-1 1 15 23 1444 600 -746 -343
-1 2 12 23 1352 732 -697 -409
-2 2 9 24 1250 850 -641 -470
-2 1 7 24 1139 956 -582 -525
-2 1 4 25 1020 1048 -518 -571
-2 1 2 24 895 1125 -452 -612
-3 0 0 24 765 1190 -383 -643
-2 0 -2 23 631 1240 -314 -666
-2 0 -5 23 496 1273 -243 -684
-2 0 -7 22 363 1296 -173 -695
-2 0 -9 20 229 1302 -104 -695
-2 -1 -12 19 97 1296 -34 -690
-3 -1 -13 19 -30 1279 33 -681
-3 -1 -15 17 -154 1248 97 -662
-2 -1 -16 15 -270 1206 157 -639
-2 -2 -16 13 -382 1154 215 -611
-2 -1 -17 12 -485 1093 268 -578
-1 -2 -18 10 -579 1022 318 -541
-1 -2 -19 8 -665 945 363 -499
-1 -2 -19 5 -742 860 402 -453
-1 -2 -20 4 -810 770 437 -405
0 -2 -20 2 -867 674 466 -355
0 -2 -20 0 -913 576 489 -303
0 -2 -19 -1 -950 477 508 -248
0 -2 -18 -3 -976 374 521 -195
1 -2 -18 -4 -991 271 528 -141
1 -2 -17 -6 -996 171 529 -87
1 -2 -16 -8 -991 71 526 -35
1 -1 -15 -9 -977 -26 517 15
2 -1 -15 -11 -954 -118 503 65
1 -1 -13 -11 -923 -208 487 111
2 0 -11 -13 -883 -291 464 154
1 0 -10 -13 -835 -370 439 195
1 0 -8 -14 -783 -443 411 234
2 -1 -7 -14 -724 -508 379 267
1 0 -6 -15 -658 -567 344 298
0 0 -4 -15 -590 -617 307 324
1 0 -2 -14 -519 -660 268 345
0 0 -1 -15 -443 -696 227 362
1 1 0 -15 -367 -723 187 377
1 1 2 -14 -289 -743 147 386
0 0 3 -12 -211 -755 106 391
-1 0 5 -13 -133 -759 65 393
0 0 5 -11 -57 -755 25 389
0 0 6 -11 18 -744 -14 382
0 1 7 -10 89 -726 -51 371
-1 1 8 -8 157 -701 -87 359
0 0 9 -7 222 -670 -120 341
0 0 9 -7 282 -634 -151 321
0 0 10 -5 337 -592 -179 299
0 0 10 -4 387 -546 -205 274
0 0 11 -4 431 -495 -227 248
0 0 10 -3 470 -443 -247 220
-1 -1 10 -1 503 -387 -263 189
0 0 10 0 528 -329 -276 159
-1 -1 9 1 549 -269 -285 128
-1 -1 9 1 564 -210 -292 97
0 -1 8 3 570 -149 -296 65
-1 -1 8 3 572 -89 -296 34
0 -1 7 4 568 -31 -293 3
1 0 6 5 558 27 -287 -26
0 0 6 6 542 82 -278 -53
0 0 5 7 521 134 -267 -81
1 -1 5 7 495 183 -254 -105
0 0 3 7 465 228 -238 -128
0 0 2 7 431 269 -221 -148
0 0 1 7 394 306 -200 -167
1 0 1 7 355 338 -180 -183
0 0 0 7 313 365 -158 -197
0 0 -1 7 268 388 -135 -208
0 0 -1 7 223 406 -113 -216
0 1 -2 7 177 418 -89 -222
0 0 -3 7 133 426 -66 -226
0 1 -4 7 88 428 -44 -228
0 0 -4 5 44 426 -21 -225
-1 1 -5 5 2 420 -1 -222
0 1 -5 5 -39 410 20 -217
-1 1 -6 5 -78 397 40 -211
-1 0 -6 4 -115 380 57 -201
-1 0 -6 2 -148 359 74 -191
-2 0 -6 2 -179 337 89 -179
-1 0 -6 2 -207 312 103 -167
-2 0 -7 1 -232 285 116 -152
-2 0 -6 0 -254 256 128 -138
-2 0 -7 0 -272 225 137 -123
-2 0 -7 0 -288 192 144 -106
-2 -1 -6 -1 -299 160 150 -90
-1 -1 -6 -1 -308 127 154 -73
-1 -1 -5 -2 -313 94 158 -56
-2 -1 -5 -3 -315 62 158 -41
-2 -2 -5 -3 -314 30 157 -25
-1 -2 -5 -3 -308 -2 155 -9
-1 -2 -4 -4 -302 -31 152 5
-1 -2 -4 -4 -292 -59 147 19
-1 -3 -3 -4 -279 -85 141 33
-1 -2 -3 -4 -264 -109 133 46
-1 -3 -2 -5 -248 -132 125 56
1 -2 -2 -4 -229 -153 116 66
1 -2 -2 -4 -209 -170 106 74
1 -2 -1 -5 -189 -187 95 82
1 -3 -1 -5 -166 -200 84 89
0 -2 -1 -4 -143 -210 72 95
0 -1 -1 -5 -120 -219 61 100
1 -1 0 -4 -97 -225 49 103
1 -1 1 -4 -73 -229 37 105
1 -1 1 -3 -49 -231 26 106
1 -1 2 -3 -26 -230 13 106
1 -1 2 -3 -4 -226 2 105
2 -1 2 -3 19 -222 -9 102
1 0 2 -2 40 -216 -19 97
1 -1 3 -2 60 -207 -30 94
1 0 3 -2 78 -195 -38 89
1 1 2 -1 95 -183 -48 81
0 1 3 -1 112 -169 -55 74
1 1 3 -1 124 -155 -63 67
1 1 2 0 136 -139 -68 59
0 0 2 0 146 -124 -74 49
1 0 2 0 155 -107 -79 41
0 1 3 1 162 -88 -80 32
0 0 3 1 166 -70 -84 24
0 1 2 1 170 -52 -86 14
0 1 2 1 171 -34 -86 5
0 1 1 1 170 -17 -86 -4
-1 1 2 1 168 0 -83 -14
0 0 2 1 165 17 -82 -23
-1 1 1 1 159 34 -80 -31
-1 0 1 1 152 48 -75 -38
-1 0 0 1 143 63 -70 -45
-1 0 0 2 133 76 -65 -53
-1 0 0 3 123 88 -60 -59
-1 -1 -1 2 112 98 -51 -65
-1 -1 0 2 97 108 -45 -69
-1 -1 0 2 83 116 -38 -74
-1 -1 0 3 70 122 -30 -77
0 -1 0 3 57 127 -22 -79
-1 -1 -1 2 43 129 -14 -80
0 -1 -1 2 27 130 -6 -80
0 -2 -1 2 12 131 0 -79
-1 -1 -2 2 0 130 7 -78
0 -1 -1 1 -14 126 15 -77
0 -1 -3 2 -27 123 22 -73
0 -1 -2 2 -39 118 28 -69
0 -1 -2 1 -49 111 34 -65
1 -1 -3 1 -61 104 40 -62
0 -1 -2 0 -70 96 45 -56
0 -1 -3 0 -78 86 48 -49
0 -1 -3 1 -85 76 51 -44
1 -1 -3 0 -92 66 55 -39
1 -1 -3 -1 -97 55 57 -32
0 -1 -3 0 -99 45 59 -26
0 0 -3 -1 -102 33 59 -20
0 0 -2 -1 -104 22 60 -13
1 0 -2 -1 -103 12 59 -9
0 0 -2 -1 -102 0 59 -3
0 0 -2 -1 -100 -11 55 3
0 0 -2 -1 -97 -20 55 8
0 0 -2 -1 -93 -30 52 14
0 0 -2 -2 -89 -39 48 19
-1 0 -1 -2 -83 -47 45 22
-1 0 -1 -2 -77 -55 41 26
-1 0 -2 -1 -69 -61 37 29
0 0 -1 -2 -62 -67 32 32
-1 0 0 -2 -54 -71 28 33
-1 0 -1 -1 -45 -76 22 35
-1 0 -1 -1 -36 -79 17 37
-1 0 0 -1 -28 -80 13 37
-1 0 -1 -1 -19 -81 8 37
-1 0 -1 -2 -12 -82 3 37
-1 -1 0 -1 -2 -81 0 36
-1 -1 0 -1 6 -80 -5 36
-1 -1 0 -1 14 -77 -9 34
-1 -1 1 -2 21 -74 -13 31
0 -1 1 -1 29 -71 -16 30
0 0 1 -1 35 -66 -19 27
-1 -1 0 -1 41 -62 -22 24
0 -1 1 -1 45 -54 -25 21
0 -2 1 0 50 -49 -28 18
0 -1 0 -1 54 -43 -29 14
0 -1 0 0 57 -36 -31 11
1 -1 0 0 59 -31 -31 8
1 -1 0 -1 61 -24 -32 5
1 -2 0 1 61 -17 -32 2
1 -1 0 0 62 -12 -33 -3
1 -1 0 0 61 -5 -33 -6
1 -1 0 1 61 0 -32 -8
1 -1 0 1 59 6 -32 -11
1 0 0 0 57 12 -31 -13
2 0 0 0 54 17 -30 -16
1 0 0 0 52 22 -29 -19
1 -1 0 0 48 26 -28 -21
1 0 -1 1 45 30 -25 -23
1 0 0 1 40 33 -23 -24
1 1 -1 0 37 36 -22 -27
1 1 0 1 33 38 -20 -29
0 1 -1 1 29 40 -18 -29
0 1 0 0 23 42 -16 -29
0 1 0 1 20 43 -15 -31
0 1 -1 1 15 43 -12 -32
0 1 -1 0 12 44 -10 -33
1 1 -1 1 7 44 -8 -33
-1 0 0 0 2 45 -6 -34
-1 1 -1 0 -1 43 -3 -34
-1 1 -1 0 -5 43 -1 -34
-1 1 -1 1 -8 42 -1 -33
-2 0 -1 -1 -11 41 2 -32
-2 1 -1 0 -14 38 3 -33
-1 0 -1 0 -17 37 5 -33
-1 0 -1 0 -20 35 7 -32
-1 0 -1 0 -22 33 10 -31
-1 -1 -1 0 -24 31 11 -30
-2 -1 -1 0 -27 28 12 -30
-1 -1 -1 0 -29 27 14 -29
-1 0 -1 0 -31 23 16 -28
-1 -1 -1 0 -33 20 16 -26
-2 -1 -1 -1 -34 18 18 -26
-1 -1 -1 0 -34 15 20 -23
-1 -2 -1 -1 -35 13 20 -21
0 -2 -1 -1 -36 10 21 -20
-1 -1 -1 -1 -36 7 23 -19
-1 -1 -1 0 -36 5 23 -17
0 -2 -1 -1 -37 0 23 -15
0 -2 -2 -1 -37 -2 24 -13
0 -2 -1 -1 -38 -4 24 -12
0 -1 -1 0 -36 -8 25 -10
0 -2 -1 -1 -35 -11 24 -8
0 -1 0 -1 -34 -13 25 -6
0 -1 -1 -1 -33 -15 23 -3
0 -1 -1 -1 -31 -18 23 -1
0 -1 -1 -1 -30 -21 23 0
1 -1 -1 0 -28 -23 21 2
1 -1 0 -1 -26 -25 20 4
0 0 0 -1 -23 -28 18 6
1 0 -1 0 -20 -29 17 7
1 0 0 0 -18 -31 16 8
0 0 -1 -1 -15 -32 14 8
0 0 -1 0 -14 -32 12 9
0 0 0 0 -9 -34 10 10
0 0 0 -1 -6 -35 8 11
0 0 0 0 -4 -34 6 11
-1 1 -1 0 0 -34 3 10
0 0 0 0 3 -33 1 10
0 1 0 -1 7 -32 1 10
-1 0 0 0 9 -31 -1 10
0 0 -1 0 12 -30 -3 8
-1 1 0 0 14 -29 -5 7
0 0 0 -1 16 -27 -6 6
0 -1 0 0 20 -25 -8 5
0 0 0 0 20 -22 -8 3
-1 0 0 -1 22 -19 -9 1
-1 -1 0 1 23 -17 -9 1
-1 0 0 0 25 -14 -10 0
-1 -1 0 0 25 -11 -10 -1
-1 -1 -1 0 25 -9 -10 -3
0 -1 0 1 25 -5 -10 -6
-1 -1 0 1 25 -2 -9 -6
0 -1 0 0 24 0 -9 -7
0 -2 -1 1 24 3 -9 -8
-1 -1 -1 1 22 3 -8 -9
0 -2 0 1 21 6 -7 -10
1 -2 -1 -1 20 9 -6 -11
1 -1 -1 1 18 9 -5 -13
1 -1 -1 0 16 11 -5 -12
0 -1 -1 0 14 13 -3 -13
0 -1 -1 1 11 14 -2 -12
1 0 -1 0 9 14 -1 -12
1 0 -1 0 7 14 -1 -11
1 0 -1 0 6 14 -1 -11
1 0 -1 -1 4 14 1 -10
1 0 -1 0 1 13 0 -10
1 -1 -2 0 1 12 1 -10
0 0 -1 -1 -1 11 2 -9
0 0 -2 0 -2 11 2 -8
1 0 -1 0 -3 9 1 -8
0 1 0 0 -4 7 1 -7
0 0 -1 1 -4 7 1 -7
1 1 -1 0 -5 5 0 -6
0 0 -1 -1 -5 3 0 -6
0 0 -1 0 -5 3 0 -6
-1 0 0 0 -5 2 -1 -6
0 0 -1 0 -4 1 -2 -6
0 0 -1 -1 -4 0 -3 -6
-1 0 -1 0 -2 0 -2 -6
-1 0 -1 0 -2 -1 -4 -6
0 0 0 -1 -1 -1 -4 -7
-1 1 0 0 -1 -2 -4 -8
-1 0 -1 -1 0 -1 -5 -8
-1 0 0 0 1 -1 -6 -9
-2 0 0 -1 2 0 -6 -9
-1 0 -1 0 2 0 -6 -10
-1 -1 -1 0 2 1 -5 -11
-2 0 -1 0 4 1 -5 -12
-1 0 -1 0 3 2 -5 -12
-1 -1 -1 0 4 2 -4 -14
-1 -1 0 0 3 3 -4 -14
0 -2 0 0 3 3 -4 -15
-1 -1 0 0 2 5 -3 -15
-1 -2 -1 0 1 6 -2 -16
0 -1 0 0 2 6 -2 -16
0 -2 0 0 2 7 -1 -16
0 -1 0 0 0 6 0 -16
0 -1 -1 0 0 8 1 -17
1 -1 -1 0 -1 8 1 -16
1 -1 0 0 -2 8 2 -17
1 0 -1 0 -3 8 2 -15
0 -1 -1 0 -4 7 3 -15
1 -1 -1 0 -5 6 4 -15
0 -1 -1 0 -6 6 4 -14
0 -1 -1 0 -7 6 5 -15
1 0 0 0 -7 5 5 -13
1 0 -1 0 -8 4 5 -12
0 0 -1 0 -8 3 5 -13
0 0 -1 0 -9 2 5 -12
0 0 -1 1 -9 2 5 -11
0 0 -1 0 -8 1 5 -11
0 0 -1 0 -9 -1 4 -11
0 1 -1 1 -8 0 4 -10
0 0 0 -1 -8 -2 4 -10
-1 0 0 0 -8 -2 4 -11
-1 1 -1 0 -7 -3 4 -10
0 0 0 -1 -6 -3 4 -10
-1 0 -1 0 -5 -3 3 -10
-1 0 -1 0 -5 -4 3 -9
-1 0 -1 0 -4 -4 3 -11
-1 -1 -1 -1 -4 -3 3 -11
-1 0 -1 -1 -4 -3 3 -11
-1 0 -1 0 -3 -3 3 -12
-1 -1 -1 -1 -2 -2 4 -13
-1 -1 0 0 -2 -2 4 -12
-1 0 -1 0 -3 -3 4 -13
-1 -1 -1 -1 -2 -2 4 -13
-1 -1 0 0 -3 -1 4 -13
-1 -1 -1 0 -3 0 6 -13
0 -2 0 0 -3 0 7 -13
-1 -2 -1 0 -3 0 7 -13
-1 -1 -2 0 -3 1 8 -13
0 -1 -1 -1 -4 0 10 -13
0 -2 -1 0 -4 -1 9 -11
0 -1 -1 0 -5 0 11 -12
-1 -1 -1 1 -6 -1 11 -12
0 -1 0 0 -6 -1 11 -9
0 -1 -1 -1 -7 0 13 -10
0 -1 -1 1 -8 -2 14 -8
0 -1 -1 0 -9 -2 12 -8
1 -1 -1 0 -9 -3 12 -6
1 -1 -1 0 -9 -3 13 -4
1 0 -1 -1 -9 -5 13 -3
1 -1 0 0 -10 -6 13 -2
1 0 0 0 -9 -7 12 -1
1 0 0 0 -9 -9 11 -1
1 0 0 0 -9 -10 11 2
1 0 -1 -1 -8 -11 10 2
0 0 0 0 -8 -14 8 2
0 0 -1 0 -7 -14 8 5
0 0 -1 -1 -6 -13 6 5
1 0 0 0 -3 -15 5 5
0 -1 -1 0 -3 -16 3 6
0 1 -1 0 -1 -16 2 6
0 1 -1 0 0 -17 1 6
0 0 0 -1 2 -17 -1 5
-1 1 -1 0 4 -16 -3 6
0 0 -1 0 6 -17 -4 6
-1 0 -1 0 8 -16 -5 5
-1 0 0 0 9 -15 -6 4
-1 0 0 -1 10 -14 -8 3
-1 0 0 1 12 -14 -9 2
-1 0 0 0 14 -12 -9 1
-1 -1 0 0 15 -10 -10 0
-1 0 -1 0 15 -8 -11 -1
0 0 0 0 16 -7 -10 -3
-1 -1 -1 0 17 -5 -11 -4
-1 -1 -1 -1 16 -4 -11 -4
-1 -1 0 0 17 -1 -11 -6
0 -1 -1 -1 18 1 -11 -8
0 -1 0 0 17 2 -11 -8
-1 -1 -1 -1 16 4 -10 -10
1 -2 -1 0 16 6 -10 -11
0 -1 0 0 15 7 -9 -11
-1 -1 -1 1 14 8 -8 -12
0 -1 0 0 13 10 -7 -13
0 -1 -1 0 11 10 -7 -14
1 -1 -1 0 9 11 -6 -13
1 0 -1 0 9 12 -5 -15
1 -1 -1 0 7 12 -5 -13
1 -1 -1 0 4 12 -4 -14
1 -1 -1 0 2 13 -3 -14
1 -1 -1 0 2 13 -3 -14
1 -1 -1 -1 1 12 -3 -13
1 0 -1 0 -1 12 -1 -13
1 -1 0 0 -1 11 -1 -13
0 1 -1 0 -3 10 -1 -13
1 0 -1 0 -3 9 -2 -12
0 0 -1 0 -4 9 -2 -12
0 0 0 0 -5 8 -2 -12
0 0 0 -1 -5 7 -1 -12
0 0 -1 0 -4 6 -2 -12
0 0 -1 0 -5 5 -2 -12
0 0 -1 1 -5 4 -2 -13
0 0 -1 -1 -3 4 -2 -12
-1 0 -1 0 -4 3 -3 -13
0 0 -1 0 -4 3 -2 -13
-1 0 -1 -1 -3 2 -3 -15
-1 0 -1 0 -3 2 -3 -14
-1 0 0 0 -2 3 -3 -15
0 0 0 -1 -3 3 -3 -15
-1 0 -1 0 -2 3 -2 -16
-1 0 0 0 -2 2 -2 -16
-1 0 0 -1 -2 3 -1 -17
-1 0 -2 -1 -1 4 0 -17
0 -1 -1 0 -2 4 0 -19
-1 -1 0 0 -2 5 1 -20
-1 -1 0 0 -3 5 2 -19
-1 -1 0 0 -4 6 3 -19
0 -1 -1 0 -4 6 3 -20
-1 -1 -1 0 -4 6 5 -20
-1 -1 -1 0 -4 7 5 -19
-1 -1 0 0 -5 6 7 -20
1 -1 -1 0 -6 7 8 -19
0 -2 -1 0 -8 7 9 -18
0 -1 -1 0 -9 6 9 -17
0 -1 -1 -1 -9 5 11 -17
1 -1 -1 0 -11 6 13 -17
-1 -1 -1 0 -12 5 13 -16
1 -1 -1 0 -13 3 13 -14
1 -1 -1 0 -13 3 15 -14
1 0 0 -1 -15 2 15 -12
0 0 -1 0 -15 0 16 -10
1 -1 -1 0 -14 -1 15 -10
1 -1 -1 0 -15 -2 15 -8
1 -1 -1 0 -16 -4 14 -7
0 0 -1 0 -15 -5 14 -6
1 1 -1 0 -15 -6 14 -5
0 0 -1 1 -15 -9 14 -4
1 0 -1 0 -14 -10 13 -3
0 0 -1 -1 -13 -11 13 -1
0 0 -1 0 -11 -12 11 -1
0 0 -1 0 -11 -13 11 -1
1 0 -1 -1 -9 -14 9 0
0 0 0 0 -8 -14 9 1
-1 0 -1 -1 -6 -15 8 1
-1 0 -1 0 -5 -15 7 1
-1 0 -1 -1 -4 -16 7 2
-1 0 -1 -1 -1 -16 5 1
0 0 0 0 0 -15 4 1
-1 0 -1 -1 1 -16 3 1
-1 0 -1 -1 3 -15 3 0
-1 -1 -1 0 4 -14 1 0
-1 0 -1 0 4 -15 1 0
-1 0 0 0 6 -13 1 -1
-1 -1 0 -1 8 -12 -1 -1
-2 -1 -1 1 8 -11 0 -1
-1 -1 0 0 8 -10 0 -2
0 -2 -1 0 8 -9 0 -3
-1 -1 -1 0 9 -7 0 -3
-1 -1 0 0 9 -6 1 -3
0 -1 0 0 9 -5 0 -4
0 -1 1 0 9 -4 1 -4
0 -1 -1 0 8 -3 0 -3
0 -1 -1 0 7 -2 0 -4
-1 -1 -1 1 7 -1 0 -5
0 -1 0 0 7 -1 1 -4
0 -1 0 0 6 0 2 -4
0 -1 -1 0 6 -1 1 -4
1 -1 0 0 6 0 1 -4
1 -1 -1 1 5 0 2 -3
1 -1 -1 0 4 0 1 -3
1 -1 -1 0 3 -1 1 -2
1 -1 -1 -1 2 0 1 -2
1 -1 -1 0 2 -1 0 -1
1 0 0 0 2 -1 0 -2
1 0 -1 0 2 -2 0 -1
1 1 -1 0 2 -1 0 -1
1 1 -1 -1 2 -2 -2 0
0 0 -1 -1 3 -3 -2 0
0 0 -1 0 3 -4 -3 0
0 0 -1 0 4 -3 -4 0
0 1 0 -1 5 -3 -5 0
1 0 0 0 4 -5 -5 -1
-1 1 -1 -1 6 -5 -6 -1
0 0 0 0 7 -5 -8 -1
0 0 -1 -1 7 -4 -9 -2
-1 0 0 0 7 -4 -9 -2
0 0 -1 1 8 -4 -9 -3
-1 0 -1 -1 9 -2 -10 -4
-1 0 -1 0 10 -2 -10 -6
-1 1 0 0 10 -1 -11 -7
-1 0 -1 0 11 -1 -11 -8
0 -1 -1 0 12 1 -12 -9
-1 0 0 -1 12 3 -13 -10
-1 -1 0 0 12 4 -12 -11
-1 -1 -1 0 12 5 -12 -13
-1 0 -1 -1 12 6 -11 -15
-1 -1 0 0 12 8 -11 -15
-1 -1 -1 0 11 9 -11 -16
0 -1 0 -1 10 11 -9 -17
0 -1 -1 0 9 12 -9 -18
-1 -1 -1 0 8 12 -8 -19
0 -1 -1 -1 6 14 -6 -19
0 -1 -1 0 5 14 -4 -20
