3325.0, 4372.0, 4999923.7060546875, 116960172.99189737
3013.0, 4232.0, 4999923.7060546875, 116967311.86638664
3490.0, 4864.0, 2499961.8530273438, 150011132.38385817
3452.0, 4786.0, 2499961.8530273438, 150024509.53651908
3366.0, 4618.0, 1250076.2939453125, 112699136.04426584
2820.0, 3525.0, 625038.1469726562, 107204144.74922244
2012.0, 1908.0, 312423.7060546875, 46980563.35675279
1487.0, 860.0, 156211.85302734375, 25801037.399015535
1222.0, 324.0, 78201.2939453125, 7434800.091834611
1111.0, 102.0, 39100.64697265625, 2484949.8878478995
1082.0, 44.0, 19454.9560546875, 535348.4256943676
1075.0, 30.0, 9727.47802734375, 174174.15504793864
1074.0, 28.0, 4959.1064453125, 33184.443046189204
