662.0, 4898.0, 5000305.17578125, 119286314.76176067
714.0, 4998.0, 2500152.587890625, 151877075.02736244
555.0, 4680.0, 1249694.82421875, 115703095.33925208
-13.0, 3548.0, 624847.412109375, 107622334.4074135
-828.0, 1917.0, 312805.17578125, 46812583.19715439
-1352.0, 871.0, 156402.587890625, 25771648.358843975
-1615.0, 336.0, 77819.82421875, 7461053.375097412
-1727.0, 115.0, 38909.912109375, 2480350.6817781636
-1754.0, 62.0, 19836.42578125, 529115.7888664805
-1762.0, 42.0, 9918.212890625, 170317.24125569183
